[
    [317.59, -6.02, 93.16, "Spinward_5825237209858578816"],
    [225.06, 26.91, 79.37, "Spinward_3075955904089799552"],
    [353.32, -4.39, 99.24, "Spinward_4040078407408658688"],
    [330.79, -7.29, 88.46, "Spinward_5927744094804268288"],
    [48.92, -5.52, 92.98, "Spinward_4303159246063318656"],
    [342.86, -8.65, 65.73, "Spinward_5948471641330028416"],
    [9.42, -11.80, 80.71, "Spinward_4073860116178606080"],
    [61.47, 3.12, 71.09, "Spinward_2025017710798126336"],
    [156.65, -47.24, 75.45, "Spinward_23879713223108096"],
    [96.03, -30.55, 87.06, "Spinward_2845253659931962368"],
    [359.64, 6.45, 70.73, "Spinward_4110666852111644416"],
    [230.51, 6.99, 69.73, "Spinward_3036724126625168384"],
    [62.61, -22.25, 68.64, "Spinward_1759064539671949056"],
    [320.74, -5.01, 99.28, "Spinward_5827405927842669696"],
    [356.70, 21.73, 80.50, "Spinward_6245995261529926784"],
    [19.86, 7.55, 84.03, "Spinward_4170770791856153856"],
    [318.83, 1.18, 53.11, "Spinward_5880736124393378304"],
    [58.83, 3.23, 56.21, "Spinward_2022857754553592960"],
    [330.00, -75.03, 47.76, "Spinward_4996372499530024576"],
    [355.98, -3.90, 79.04, "Spinward_4041591477168199040"],
    [160.01, 25.19, 74.85, "Spinward_989949868210326016"],
    [226.09, 57.44, 47.84, "Spinward_3886440422100617344"],
    [13.74, -1.60, 49.97, "Spinward_4096519745213439360"],
    [55.37, -3.04, 67.76, "Spinward_1824165214426435200"],
    [346.69, 10.84, 80.34, "Spinward_6024847395467088896"],
    [3.12, -3.12, 79.63, "Spinward_4062897469854851968"],
    [322.06, -2.35, 99.04, "Spinward_5882009908664495360"],
    [351.31, -65.22, 75.59, "Spinward_6542301340130264576"],
    [95.83, -0.14, 86.13, "Spinward_2173275991771580800"],
    [260.14, 36.79, 82.12, "Spinward_3750703302175682432"],
    [297.11, -10.72, 73.31, "Spinward_5226982071180464768"],
    [80.42, -42.09, 88.10, "Spinward_2718222954109355520"],
    [62.64, -38.09, 43.65, "Spinward_2695668504585758592"],
    [2.95, 3.73, 58.35, "Spinward_4068260200402718592"],
    [188.37, 7.73, 98.80, "Spinward_3383951204344435968"],
    [311.94, -6.50, 97.52, "Spinward_5848306716154798080"],
    [356.35, -3.75, 98.59, "Spinward_4041668267004813440"],
    [317.56, -35.05, 88.21, "Spinward_6368986872728761088"],
    [17.40, 6.10, 92.25, "Spinward_4151986155398196480"],
    [230.95, -7.54, 87.11, "Spinward_2932782482092068992"],
    [145.53, 41.59, 67.81, "Spinward_1066604073686266496"],
    [311.73, -4.13, 99.17, "Spinward_5852536159443425152"],
    [252.80, -20.86, 70.12, "Spinward_5556976816694906880"],
    [155.54, 16.15, 99.19, "Spinward_268800665660524928"],
    [176.13, 70.62, 76.49, "Spinward_765996804377456256"],
    [234.88, 6.90, 55.54, "Spinward_5718437006862811392"],
    [5.67, 6.65, 90.87, "Spinward_4118348177744267264"],
    [326.47, 3.79, 77.51, "Spinward_5889321592225556864"],
    [97.32, 15.23, 55.76, "Spinward_2244114506581313152"],
    [255.86, 10.22, 98.45, "Spinward_5629203941684039552"],
    [171.95, 11.81, 89.97, "Spinward_959964880451517568"],
    [355.33, -3.59, 94.67, "Spinward_4041525399265491968"],
    [270.76, 10.67, 94.31, "Spinward_5419602322095070208"],
    [315.20, 40.74, 98.36, "Spinward_6196457933368101888"],
    [7.19, 7.83, 97.51, "Spinward_4121845341942322304"],
    [18.54, 5.43, 81.28, "Spinward_4158030995457502848"],
    [169.27, -0.99, 26.39, "Spinward_187247281185703296"],
    [296.09, 1.59, 99.08, "Spinward_5335297336809853696"],
    [103.26, -41.10, 88.77, "Spinward_2822063654032202112"],
    [349.81, -6.75, 93.69, "Spinward_5957779213430486400"],
    [57.82, 2.29, 81.78, "Spinward_2019424048435291264"],
    [24.46, 2.67, 95.87, "Spinward_4160915358040754944"],
    [307.46, 1.97, 90.05, "Spinward_5869501245893349376"],
    [113.44, -10.43, 84.34, "Spinward_1944204739968409600"],
    [114.73, -41.87, 95.09, "Spinward_2799157974965291520"],
    [323.71, -8.61, 63.05, "Spinward_5829056981973268096"],
    [278.42, -57.94, 99.19, "Spinward_4742981695493988864"],
    [46.62, -25.33, 91.59, "Spinward_4227915744043939584"],
    [225.12, 51.85, 79.96, "Spinward_3887129231776180736"],
    [10.28, 7.67, 99.12, "Spinward_4124878623972189824"],
    [292.48, -41.52, 99.23, "Spinward_4643808289287850496"],
    [281.09, -42.40, 81.82, "Spinward_4669477522111051904"],
    [185.30, -35.31, 97.36, "Spinward_3272344073974631168"],
    [307.85, -1.08, 91.78, "Spinward_5865007679283143680"],
    [350.18, -62.81, 40.09, "Spinward_6542639650409132288"],
    [358.29, 6.96, 92.48, "Spinward_4109078092119551360"],
    [305.46, -1.96, 82.49, "Spinward_5859049185334510592"],
    [358.31, 4.85, 66.52, "Spinward_4108004693851223424"],
    [9.92, 38.66, 72.71, "Spinward_4410813529028844928"],
    [227.91, 1.93, 85.91, "Spinward_3034460163466583552"],
    [31.26, -24.16, 88.60, "Spinward_6880169241737003776"],
    [263.93, 7.44, 92.82, "Spinward_5430430690564614144"],
    [338.43, 17.90, 35.01, "Spinward_6015967739554000768"],
    [347.45, -13.04, 51.02, "Spinward_6719957370929519104"],
    [32.38, 11.75, 82.52, "Spinward_4471195649611659520"],
    [352.32, 5.15, 66.65, "Spinward_5980065901838295552"],
    [145.79, -36.44, 67.47, "Spinward_100695959227060480"],
    [352.83, 6.85, 84.42, "Spinward_6028481899953908864"],
    [186.42, 32.30, 55.73, "Spinward_904415727656065920"],
    [313.54, 4.68, 44.92, "Spinward_5895306646354227968"],
    [326.64, 17.95, 91.03, "Spinward_6102298746866920960"],
    [264.14, -36.83, 78.04, "Spinward_4764384994998761856"],
    [316.13, -3.72, 78.34, "Spinward_5874046455153258880"],
    [242.12, -48.07, 86.95, "Spinward_4844923603257974528"],
    [0.61, -13.75, 75.84, "Spinward_6735244572597677312"],
    [217.38, 4.64, 97.61, "Spinward_3108327794161558400"],
    [147.20, 80.08, 53.11, "Spinward_1519100215717160704"],
    [280.63, -6.76, 78.56, "Spinward_5299220917152973952"],
    [0.01, 6.21, 75.12, "Spinward_4110695920370988416"],
    [1.71, -8.06, 54.08, "Spinward_4046250485857510912"],
    [309.56, -3.13, 91.12, "Spinward_5852001521944073856"],
    [3.36, 13.29, 91.00, "Spinward_4129293678501625472"],
    [129.03, -5.65, 52.55, "Spinward_412783469966211456"],
    [14.87, -2.61, 76.98, "Spinward_4096715423911643392"],
    [215.01, 51.35, 68.76, "Spinward_626771449453485568"],
    [86.36, 21.70, 85.92, "Spinward_2152992136833805440"],
    [59.66, 3.75, 86.99, "Spinward_2024468092419753728"],
    [233.46, 11.09, 55.13, "Spinward_5727510795283143040"],
    [111.71, 39.02, 80.07, "Spinward_1700775648711167104"],
    [0.19, 1.29, 77.43, "Spinward_4060646013678008320"],
    [310.80, -2.88, 92.82, "Spinward_5853576022565907328"],
    [0.85, -3.96, 97.46, "Spinward_4050172577069256960"],
    [356.02, -5.01, 90.42, "Spinward_4040764884944309376"],
    [351.19, 4.44, 99.72, "Spinward_5978424743246191232"],
    [105.54, -73.47, 83.14, "Spinward_2425472764829430272"],
    [0.90, -2.95, 53.76, "Spinward_4062268033830356864"],
    [149.58, -66.88, 91.74, "Spinward_2478841341254655104"],
    [175.25, 35.32, 33.93, "Spinward_917948826005206656"],
    [348.59, -40.07, 96.49, "Spinward_6477788770978334848"],
    [174.68, -21.63, 90.81, "Spinward_48883844590606720"],
    [52.45, -2.90, 89.88, "Spinward_4318780042135380096"],
    [197.10, 80.51, 94.39, "Spinward_4013221293968965376"],
    [55.90, 2.85, 66.58, "Spinward_2018858658943609216"],
    [11.08, -2.76, 64.91, "Spinward_4091299504454541056"],
    [152.64, 15.74, 81.44, "Spinward_282336723246770688"],
    [93.58, 58.01, 13.23, "Spinward_1605198298364601088"],
    [348.14, -20.22, 49.60, "Spinward_6662311281955653120"],
    [262.81, -16.83, 88.17, "Spinward_5504118963421202176"],
    [138.62, -8.73, 72.38, "Spinward_450919408000119680"],
    [63.85, -5.16, 30.92, "Spinward_1833700591558052736"],
    [23.88, -4.59, 58.79, "Spinward_4203044176872255360"],
    [316.74, -8.11, 99.19, "Spinward_5823681091651160064"],
    [114.73, 7.11, 37.16, "Spinward_2213938616118942464"],
    [3.56, -4.89, 90.70, "Spinward_4050694849394113920"],
    [8.62, 4.83, 95.88, "Spinward_4120302525367228416"],
    [90.30, 9.54, 32.19, "Spinward_2185061008373422464"],
    [273.10, 66.37, 92.47, "Spinward_3898447020357117824"],
    [253.03, -30.98, 30.36, "Spinward_4796005265786561920"],
    [313.96, 5.68, 70.68, "Spinward_5895613375752415232"],
    [353.11, -6.78, 93.06, "Spinward_4036618111254363008"],
    [209.12, -16.88, 94.49, "Spinward_3023503633168803200"],
    [10.35, 6.55, 90.38, "Spinward_4123854188364407808"],
    [6.03, -76.42, 92.89, "Spinward_2314164873422998784"],
    [59.69, 2.17, 84.92, "Spinward_2021322836270118784"],
    [261.35, 43.24, 74.44, "Spinward_3758183279781585152"],
    [5.86, -50.35, 92.69, "Spinward_6586106093835177600"],
    [41.63, -21.34, 98.41, "Spinward_4222914928940077440"],
    [318.76, 43.32, 33.68, "Spinward_6293565593446524416"],
    [301.48, 1.93, 92.61, "Spinward_6056506767627839872"],
    [39.42, 6.42, 95.19, "Spinward_4479405187565900032"],
    [218.79, 61.02, 70.22, "Spinward_3988313198071069952"],
    [4.34, -76.50, 90.36, "Spinward_2313954518809209728"],
    [165.53, 6.29, 74.81, "Spinward_195891194926568960"],
    [152.36, 24.22, 61.42, "Spinward_1100223600211018752"],
    [301.40, 7.52, 80.32, "Spinward_6073557581633929984"],
    [300.54, 77.51, 85.26, "Spinward_3930863303203579008"],
    [0.42, 21.39, 61.60, "Spinward_4325211635362707840"],
    [242.32, -67.27, 19.74, "Spinward_4966072879648455296"],
    [206.55, -19.37, 60.23, "Spinward_3216715623198286720"],
    [40.27, 3.73, 81.17, "Spinward_4310302292066106624"],
    [63.18, -2.43, 81.48, "Spinward_1834565391819470720"],
    [8.35, 21.46, 65.27, "Spinward_4337577980079375744"],
    [274.50, 68.44, 98.12, "Spinward_3904707227247828480"],
    [53.69, -2.59, 86.22, "Spinward_4321972955164944640"],
    [228.80, 4.67, 92.23, "Spinward_3034001220441084160"],
    [164.83, -5.29, 82.92, "Spinward_175567375320621056"],
    [166.31, 11.61, 98.88, "Spinward_963569762466077440"],
    [357.08, -4.62, 90.27, "Spinward_4042394910968192256"],
    [359.90, -6.17, 87.36, "Spinward_4048820525614115840"],
    [277.38, -42.50, 63.69, "Spinward_4670189112292631936"],
    [328.66, -43.40, 74.30, "Spinward_6402565545523413248"],
    [347.05, 2.05, 62.77, "Spinward_5970291754503387136"],
    [290.36, -21.80, 91.29, "Spinward_5210210159467311104"],
    [135.31, -40.29, 85.62, "Spinward_289093600154305024"],
    [9.95, 9.68, 79.17, "Spinward_4137130168478184320"],
    [4.43, 18.26, 89.12, "Spinward_4134255155999584128"],
    [175.76, 28.54, 67.54, "Spinward_925918709054723840"],
    [356.90, -44.64, 89.12, "Spinward_6577245301425920384"],
    [60.03, 3.40, 43.43, "Spinward_2024484928674151680"],
    [299.04, -40.44, 61.51, "Spinward_4636909025623816448"],
    [228.77, 23.66, 74.94, "Spinward_3072260892185720960"],
    [65.08, -19.75, 32.63, "Spinward_1763956713580077568"],
    [312.47, 25.55, 34.07, "Spinward_6164379784707817216"],
    [12.42, 3.13, 98.64, "Spinward_4145012262366901632"],
    [255.83, -37.79, 57.50, "Spinward_4785341617905379328"],
    [356.67, -4.79, 88.61, "Spinward_4042344157446259456"],
    [11.35, 4.46, 50.22, "Spinward_4144860873371469952"],
    [332.30, -2.35, 82.25, "Spinward_5933921975729945344"],
    [333.93, 10.27, 78.90, "Spinward_6001790670988045824"],
    [261.76, -7.89, 73.47, "Spinward_5519533875932313984"],
    [157.16, 60.25, 90.99, "Spinward_837984300254641024"],
    [356.32, -4.96, 95.71, "Spinward_4042282172320660992"],
    [89.86, 14.91, 65.20, "Spinward_2235060131408486272"],
    [63.46, -5.35, 86.23, "Spinward_1833579297389176448"],
    [288.96, 13.51, 98.69, "Spinward_5375156969720646656"],
    [9.12, 2.69, 79.47, "Spinward_4119316503850755328"],
    [337.97, 0.54, 97.44, "Spinward_5942847467536508928"],
    [48.27, 2.58, 93.01, "Spinward_4320479715326221440"],
    [2.90, 3.52, 86.63, "Spinward_4068242814377256704"],
    [301.81, -45.20, 92.30, "Spinward_4690524236273633664"],
    [314.94, -1.75, 65.71, "Spinward_5877508336225572224"],
    [279.53, 35.34, 89.27, "Spinward_3534921744338966144"],
    [244.18, 13.63, 58.49, "Spinward_5705045431970478720"],
    [289.86, -10.37, 83.36, "Spinward_5244448642325944576"],
    [142.56, 16.93, 96.22, "Spinward_485616455918298240"],
    [316.28, 29.21, 75.22, "Spinward_6171512243620972288"],
    [53.55, -3.79, 69.65, "Spinward_1820862487630097536"],
    [43.59, 7.10, 98.02, "Spinward_4505347683361534848"],
    [349.24, -0.73, 75.24, "Spinward_5972778269976395264"],
    [12.17, -0.76, 71.67, "Spinward_4094852541934608768"],
    [249.93, -39.00, 89.82, "Spinward_4811215737846696576"],
    [45.80, 38.14, 71.30, "Spinward_1301162030247673856"],
    [257.28, -46.20, 94.72, "Spinward_4830364110801342336"],
    [359.07, -4.64, 71.12, "Spinward_4043718615654336128"],
    [180.62, -2.24, 61.34, "Spinward_3441684979368733824"],
    [2.50, 39.79, 58.93, "Spinward_4403470230166388096"],
    [71.55, -14.73, 97.86, "Spinward_1841276978288948864"],
    [120.55, -28.40, 43.75, "Spinward_362358217441504128"],
    [178.76, 24.83, 84.40, "Spinward_900352860390055296"],
    [358.08, 7.38, 51.77, "Spinward_4109074037708335872"],
    [229.93, -13.04, 73.57, "Spinward_2938734825723341824"],
    [112.92, -12.21, 67.74, "Spinward_1940807249040347136"],
    [8.39, 6.06, 68.86, "Spinward_4120190821805188096"],
    [320.59, -22.51, 55.36, "Spinward_6418828422012896128"],
    [12.12, 6.05, 90.35, "Spinward_4148061272554954624"],
    [346.67, -7.24, 81.91, "Spinward_5955730823227738368"],
    [70.79, -7.77, 78.22, "Spinward_1857397914697888512"],
    [1.23, -29.78, 81.05, "Spinward_6687807444776292224"],
    [353.77, 6.44, 98.31, "Spinward_6028557285165395200"],
    [179.27, 38.35, 98.93, "Spinward_913368883335604736"],
    [325.77, 5.46, 98.83, "Spinward_5890045826792408192"],
    [4.61, 5.08, 52.85, "Spinward_4116838513995750912"],
    [334.63, -41.39, 43.23, "Spinward_6452342975238188672"],
    [345.93, -4.64, 90.89, "Spinward_5958650885683635584"],
    [11.85, 11.46, 92.64, "Spinward_4162522706593623168"],
    [359.52, -1.80, 95.64, "Spinward_4056362797428268288"],
    [20.36, 39.50, 64.04, "Spinward_4451408735275085824"],
    [7.37, 4.95, 96.16, "Spinward_4119727274534971520"],
    [171.53, 26.84, 81.41, "Spinward_975288082518577792"],
    [65.07, -6.63, 71.34, "Spinward_1832168903141939200"],
    [357.08, -4.34, 98.81, "Spinward_4043145667058848640"],
    [359.54, 7.86, 65.55, "Spinward_4109507795031538432"],
    [352.95, 7.62, 83.14, "Spinward_6029306945954924544"],
    [8.40, -4.83, 93.61, "Spinward_4089326048609244160"],
    [347.42, 0.22, 99.04, "Spinward_5972963950009146752"],
    [354.37, -4.00, 93.67, "Spinward_4041039900350309504"],
    [330.70, 15.37, 52.97, "Spinward_6005263169222210560"],
    [353.05, 6.41, 86.02, "Spinward_6028509765622100608"],
    [167.66, -33.77, 99.95, "Spinward_54387170869288448"],
    [165.05, -36.10, 97.47, "Spinward_31263655358935936"],
    [60.11, -3.42, 94.82, "Spinward_1827122831974331264"],
    [15.66, -3.12, 53.92, "Spinward_4096839187698939136"],
    [201.65, 25.80, 62.69, "Spinward_670676361794915072"],
    [61.23, 3.23, 46.84, "Spinward_2025009292661546496"],
    [358.07, 2.15, 91.16, "Spinward_4058781688697987328"],
    [21.10, 3.49, 84.40, "Spinward_4157915714226576000"],
    [314.42, -4.82, 91.41, "Spinward_5849783669487965696"],
    [311.71, -0.01, 64.61, "Spinward_5866184500331884288"],
    [171.18, -37.93, 74.05, "Spinward_16128048873105664"],
    [265.53, 18.00, 61.51, "Spinward_5460003670697679744"],
    [357.35, 2.88, 99.97, "Spinward_4058716950575908864"],
    [334.44, 2.41, 87.03, "Spinward_5989859526728147840"],
    [110.53, -19.96, 67.69, "Spinward_1921327442041668992"],
    [308.73, -2.35, 81.66, "Spinward_5864270559897284864"],
    [309.96, -38.36, 96.26, "Spinward_6354130615211104640"],
    [84.95, 32.09, 99.98, "Spinward_1421395482170463104"],
    [0.34, -2.99, 58.72, "Spinward_4056236383775494144"],
    [344.03, -8.64, 93.68, "Spinward_5948984838352931712"],
    [311.24, 52.30, 98.25, "Spinward_3624355676542756352"],
    [5.94, -6.21, 89.77, "Spinward_4052694001990292736"],
    [271.05, 21.76, 50.02, "Spinward_5448826963199202048"],
    [148.69, 14.68, 96.65, "Spinward_287394270575339520"],
    [307.75, 3.59, 80.44, "Spinward_5870241973181560832"],
    [354.77, -5.42, 79.50, "Spinward_4040406371243555072"],
    [315.12, -1.88, 64.22, "Spinward_5877516685675757440"],
    [6.22, 6.57, 57.68, "Spinward_4118489529372836480"],
    [85.73, -1.26, 52.40, "Spinward_2162211095159898624"],
    [155.96, -22.82, 77.55, "Spinward_122676502335708800"],
    [293.82, -49.17, 54.43, "Spinward_4697792901463200000"],
    [254.36, -23.83, 42.46, "Spinward_5554882929942129920"],
    [355.86, 6.58, 89.37, "Spinward_4107653125066429568"],
    [27.84, 13.14, 94.13, "Spinward_4468709791264321664"],
    [57.39, 4.70, 85.97, "Spinward_2022580810720091264"],
    [357.59, -4.32, 91.23, "Spinward_4043255691077197056"],
    [205.62, 38.49, 61.25, "Spinward_685430364731512832"],
    [320.53, -66.25, 60.34, "Spinward_4976913274024768256"],
    [47.96, 5.71, 62.76, "Spinward_4507805847776770432"],
    [72.53, -11.84, 90.56, "Spinward_1845559168064938880"],
    [350.84, -71.70, 34.33, "Spinward_6537979645253424384"],
    [146.03, -29.09, 51.68, "Spinward_131880789050740096"],
    [359.13, -2.43, 94.99, "Spinward_4056125783955911424"],
    [358.79, -6.91, 75.37, "Spinward_4039674616152712704"],
    [29.71, 37.64, 55.94, "Spinward_4460754927708689792"],
    [276.78, -30.93, 43.74, "Spinward_4659641737786241280"],
    [72.82, -48.32, 36.72, "Spinward_2656212461103265536"],
    [106.91, 2.56, 84.84, "Spinward_2201727646143829632"],
    [339.71, -5.69, 66.12, "Spinward_5926651626899245056"],
    [58.50, 2.35, 82.75, "Spinward_2019761083116824960"],
    [345.31, -8.20, 92.59, "Spinward_5954976867502308480"],
    [65.60, -4.71, 62.19, "Spinward_1835657344318919808"],
    [338.99, 9.98, 80.89, "Spinward_5997831157810928000"],
    [304.11, 27.42, 96.38, "Spinward_6155862005566675456"],
    [41.92, -6.93, 59.40, "Spinward_4291168006600781184"],
    [356.01, 5.02, 95.46, "Spinward_4107320179195974528"],
    [305.20, 3.13, 81.64, "Spinward_6056122522685753088"],
    [303.22, 29.94, 75.24, "Spinward_6159455690600734720"],
    [5.24, 4.17, 39.27, "Spinward_4116982584322197376"],
    [214.97, -5.06, 80.41, "Spinward_3104061070567558656"],
    [332.14, -9.78, 43.01, "Spinward_5916823676572948608"],
    [12.90, 11.89, 81.16, "Spinward_4162893035866114048"],
    [326.42, -34.27, 72.56, "Spinward_6424470050533232896"],
    [32.84, -7.99, 86.90, "Spinward_4212771728029353472"],
    [178.77, 48.37, 73.85, "Spinward_813906786608830464"],
    [92.16, 4.65, 37.45, "Spinward_2170612429147782528"],
    [350.17, 4.60, 86.10, "Spinward_5978264283246027264"],
    [74.21, 8.96, 82.75, "Spinward_2076558104265334016"],
    [180.88, 26.15, 57.91, "Spinward_920226021961956480"],
    [291.69, 58.70, 89.12, "Spinward_3681128066091534592"],
    [207.13, 64.83, 97.15, "Spinward_730255426570254592"],
    [281.16, 8.24, 54.56, "Spinward_5364451261224583296"],
    [75.21, 77.81, 54.27, "Spinward_1471632683839360384"],
    [242.22, 1.34, 91.89, "Spinward_5602400940594959360"],
    [355.06, 4.07, 80.04, "Spinward_5980496188846158208"],
    [24.17, 10.68, 97.13, "Spinward_4178359487975114368"],
    [346.35, -3.73, 98.34, "Spinward_5959534480710507264"],
    [266.03, 44.95, 57.33, "Spinward_3758838691788342528"],
    [266.43, 24.58, 32.85, "Spinward_5468809762401380352"],
    [56.61, 2.25, 98.85, "Spinward_2018935521694948480"],
    [279.00, -1.16, 21.04, "Spinward_5307769615746566144"],
    [354.33, 5.66, 61.65, "Spinward_6028740285170219648"],
    [357.67, 5.31, 92.64, "Spinward_4107929583514010880"],
    [3.05, 4.64, 35.39, "Spinward_4116385824368207104"],
    [191.32, 29.38, 91.55, "Spinward_876989067228916224"],
    [358.95, -5.41, 65.94, "Spinward_4042983836839894400"],
    [45.34, 6.94, 89.53, "Spinward_4507270759263615488"],
    [143.91, -56.16, 92.29, "Spinward_2561649135355267968"],
    [293.44, 23.20, 79.01, "Spinward_3459544518537472768"],
    [101.20, -6.21, 85.56, "Spinward_2000221283996591616"],
    [80.71, -46.36, 93.84, "Spinward_2711955054932006784"],
    [281.87, 7.78, 14.49, "Spinward_5363990535794423680"],
    [22.52, -2.73, 94.84, "Spinward_4107127455433179136"],
    [18.45, -1.93, 76.39, "Spinward_4104564631322472832"],
    [57.96, 4.41, 89.66, "Spinward_2022971691392897408"],
    [56.05, -3.14, 75.62, "Spinward_1824626936295068288"],
    [298.85, -47.96, 40.92, "Spinward_4692227551560832384"],
    [133.93, -57.97, 94.63, "Spinward_2563743017811486464"],
    [357.28, 3.34, 72.53, "Spinward_4059466272092826112"],
    [7.72, 6.51, 95.00, "Spinward_4123087382075757952"],
    [60.52, -3.03, 86.85, "Spinward_1827296176884951424"],
    [260.84, 20.39, 98.79, "Spinward_5657313162602221568"],
    [233.33, -37.97, 80.30, "Spinward_4874716073403617408"],
    [282.48, -4.90, 73.26, "Spinward_5257017194123791360"],
    [295.72, 39.43, 84.74, "Spinward_3513389355296090368"],
    [17.87, -2.65, 92.43, "Spinward_4104090020166905728"],
    [336.71, -9.11, 74.84, "Spinward_5923327700182691840"],
    [66.03, -6.75, 94.89, "Spinward_1832688181863611136"],
    [265.80, 63.24, 84.69, "Spinward_3897321910724107776"],
    [5.71, 4.81, 40.44, "Spinward_4117269075878548864"],
    [358.69, 10.30, 98.57, "Spinward_4113490226073667968"],
    [38.24, -4.71, 76.08, "Spinward_4267929102485921408"],
    [49.12, 2.98, 56.04, "Spinward_4512806598462520448"],
    [244.23, 3.29, 80.12, "Spinward_5697281922117887104"],
    [85.78, -9.55, 77.87, "Spinward_1964318621571951488"],
    [321.47, -64.29, 62.63, "Spinward_4976484155252771584"],
    [12.46, -26.82, 83.02, "Spinward_6750638796227124864"],
    [234.66, 1.60, 33.38, "Spinward_5717065469183707136"],
    [0.43, 6.38, 89.67, "Spinward_4110724988794114304"],
    [221.49, -29.43, 75.68, "Spinward_2963296987772631424"],
    [74.01, 17.88, 70.10, "Spinward_2106642464684676352"],
    [314.59, -57.57, 82.10, "Spinward_4919072605850352256"],
    [7.29, 5.08, 73.84, "Spinward_4119773488418211840"],
    [356.36, -2.75, 71.91, "Spinward_4041925281990310144"],
    [36.22, 38.85, 46.64, "Spinward_4563558990027686656"],
    [168.77, 22.48, 96.99, "Spinward_978234296936475136"],
    [2.70, 2.65, 96.39, "Spinward_4067973257916399616"],
    [96.03, -18.93, 89.45, "Spinward_1904689838249666048"],
    [125.40, -39.97, 27.72, "Spinward_2803640580793306752"],
    [350.86, 6.91, 79.75, "Spinward_6026786276845184128"],
    [347.21, 18.63, 77.97, "Spinward_6042930066777608576"],
    [101.05, 16.59, 21.97, "Spinward_2246676707976104960"],
    [171.57, 37.49, 51.09, "Spinward_1014760932205242880"],
    [57.47, -6.69, 64.20, "Spinward_1822039755369474048"],
    [130.39, 35.44, 65.40, "Spinward_1132966468074614272"],
    [173.06, 16.82, 86.58, "Spinward_963822272181707904"],
    [182.86, 12.38, 63.93, "Spinward_938018181682714624"],
    [50.13, -3.13, 90.38, "Spinward_4317905827302254720"],
    [67.17, -57.55, 42.11, "Spinward_2634648216288854272"],
    [16.14, -3.89, 77.11, "Spinward_4102789778917955456"],
    [317.57, 36.56, 87.31, "Spinward_6191114817959390336"],
    [352.27, 7.04, 75.40, "Spinward_6028445512954311168"],
    [356.63, 5.86, 75.87, "Spinward_4107706623114645888"],
    [160.15, 2.69, 59.32, "Spinward_255025369811042944"],
    [359.30, -4.62, 53.13, "Spinward_4043816403410764800"],
    [185.27, 9.36, 79.03, "Spinward_3434237918395854080"],
    [335.74, 6.93, 95.93, "Spinward_5994481323848379904"],
    [193.05, -61.13, 79.18, "Spinward_5157881995917427840"],
    [237.91, -8.09, 88.49, "Spinward_5611158722494932736"],
    [3.27, 4.45, 84.29, "Spinward_4116389535269410048"],
    [106.89, -69.52, 95.95, "Spinward_2430471591365877504"],
    [308.36, 2.63, 92.78, "Spinward_5869924523479106944"],
    [278.97, -6.99, 38.16, "Spinward_5300235560226101760"],
    [328.04, -4.25, 74.30, "Spinward_5835435661232908160"],
    [9.01, -9.90, 98.55, "Spinward_4073290053751213440"],
    [327.78, -44.73, 46.73, "Spinward_6405607378800526080"],
    [194.63, -30.44, 94.30, "Spinward_3278676054063879424"],
    [356.45, -11.76, 94.97, "Spinward_6727212296568187648"],
    [19.51, -6.42, 55.12, "Spinward_4101777472335550336"],
    [351.96, 3.61, 85.61, "Spinward_5979697427959745280"],
    [262.28, -36.63, 85.34, "Spinward_4770576860369318144"],
    [325.88, -5.15, 83.13, "Spinward_5834743175065405440"],
    [39.16, -3.17, 87.54, "Spinward_4293098061829540352"],
    [5.47, 5.75, 68.92, "Spinward_4118066634055876096"],
    [353.21, 6.33, 98.86, "Spinward_6028516878093174400"],
    [39.78, -4.23, 97.99, "Spinward_4292410145503444352"],
    [354.20, -2.27, 87.89, "Spinward_4041275230183485312"],
    [179.75, -21.45, 94.41, "Spinward_3312948213752817408"],
    [352.09, -5.78, 88.62, "Spinward_4036723664332485376"],
    [58.39, 1.93, 50.35, "Spinward_2019550286120176256"],
    [5.68, 2.75, 39.50, "Spinward_4068944401592062208"],
    [134.55, -9.39, 86.83, "Spinward_359012266121948928"],
    [10.48, 9.20, 93.51, "Spinward_4125244520797189376"],
    [357.58, 2.34, 77.63, "Spinward_4058656825332948480"],
    [356.36, 3.89, 66.19, "Spinward_4059111404680690688"],
    [94.23, 57.23, 47.60, "Spinward_1606760360788968576"],
    [38.16, -3.72, 96.99, "Spinward_4268200926708196736"],
    [5.70, -3.66, 90.02, "Spinward_4064738013812123392"],
    [3.41, 48.60, 65.21, "Spinward_1155229589968044288"],
    [326.69, -4.61, 87.39, "Spinward_5834898034419934848"],
    [10.40, 1.69, 91.88, "Spinward_4095306777675495680"],
    [353.83, -4.77, 79.92, "Spinward_4040187843235281280"],
    [41.24, 7.83, 79.59, "Spinward_4480723398921209984"],
    [86.14, -28.55, 59.19, "Spinward_1875669843741212544"],
    [57.31, -9.72, 88.04, "Spinward_1808722053905388160"],
    [350.97, 6.50, 76.81, "Spinward_6026724193172236928"],
    [89.10, 16.45, 89.37, "Spinward_2139193261607459712"],
    [351.84, -12.36, 98.26, "Spinward_6724630711988682496"],
    [0.99, -2.56, 81.25, "Spinward_4062335787055317760"],
    [183.92, -55.31, 93.35, "Spinward_5180562240738871936"],
    [358.76, -3.28, 70.08, "Spinward_4044021737167691392"],
    [30.01, 34.38, 68.32, "Spinward_4460875667833461120"],
    [234.81, 41.88, 53.15, "Spinward_3848457827278829312"],
    [231.91, 10.10, 88.04, "Spinward_3037684373935717632"],
    [1.96, 2.38, 99.90, "Spinward_4061878360024811008"],
    [8.65, 8.53, 84.30, "Spinward_4124385424272763008"],
    [65.18, 72.06, 91.17, "Spinward_1482559836554813312"],
    [359.10, -4.50, 91.73, "Spinward_4043731951388257152"],
    [197.54, -31.68, 87.75, "Spinward_3205278876905741952"],
    [9.19, 4.98, 95.73, "Spinward_4120359940447793664"],
    [151.82, 17.58, 89.07, "Spinward_283342157910731264"],
    [182.60, -41.99, 75.87, "Spinward_3264963945769335040"],
    [46.76, 4.65, 91.36, "Spinward_4506750900723400832"],
    [148.97, -37.76, 70.46, "Spinward_99274355116412544"],
    [348.28, 26.89, 55.61, "Spinward_6241818251215712896"],
    [72.73, 28.22, 73.80, "Spinward_1349919942099103616"],
    [189.42, -57.60, 70.73, "Spinward_5172531682687531520"],
    [1.67, 76.86, 69.86, "Spinward_1248884787830977920"],
    [357.23, 5.16, 67.03, "Spinward_4107490603469876480"],
    [40.56, 34.64, 82.64, "Spinward_4564626856336533760"],
    [159.30, 0.35, 90.73, "Spinward_253252098071533824"],
    [56.85, -5.81, 98.00, "Spinward_1822081571159723264"],
    [131.97, -1.34, 44.27, "Spinward_507209047525629568"],
    [144.71, 2.30, 94.48, "Spinward_448879199755199872"],
    [266.74, 25.18, 92.07, "Spinward_5468923664934146688"],
    [325.95, -2.46, 59.87, "Spinward_5836033108404247808"],
    [348.08, -4.87, 95.38, "Spinward_5959074987887268608"],
    [129.94, 63.77, 22.31, "Spinward_1569335115284976000"],
    [2.48, 4.78, 69.69, "Spinward_4110367303844170880"],
    [9.93, 9.90, 94.14, "Spinward_4137146936015639808"],
    [39.01, -1.51, 79.49, "Spinward_4293427262488387072"],
    [331.19, -4.34, 83.10, "Spinward_5928974551425678976"],
    [54.31, -5.40, 81.38, "Spinward_1819957142927541888"],
    [228.82, 33.12, 81.90, "Spinward_3845376858258894592"],
    [79.45, 18.38, 96.84, "Spinward_2131959956864178048"],
    [61.05, -75.62, 90.06, "Spinward_2389878584141597440"],
    [123.25, 4.50, 89.73, "Spinward_526282481888839168"],
    [356.36, 1.13, 88.25, "Spinward_4055302829484327808"],
    [62.52, -5.68, 92.67, "Spinward_1830503795869462144"],
    [359.28, 5.87, 56.99, "Spinward_4108383132059485184"],
    [50.92, -11.14, 99.64, "Spinward_4300444483112439680"],
    [130.52, 37.03, 77.05, "Spinward_1129601657551760128"],
    [84.92, 33.50, 79.89, "Spinward_1422107896985150976"],
    [3.97, 4.01, 86.50, "Spinward_4116463168104594944"],
    [355.75, 6.50, 91.04, "Spinward_6029175897947887872"],
    [253.70, -28.27, 73.91, "Spinward_4801008559088871424"],
    [217.02, 4.48, 66.16, "Spinward_3108534811585467136"],
    [0.11, 5.22, 43.88, "Spinward_4109674405381625088"],
    [6.43, 5.35, 95.06, "Spinward_4118226097601558912"],
    [352.50, -6.06, 97.61, "Spinward_4036747059016444288"],
    [252.29, 49.02, 74.42, "Spinward_3803029167915271936"],
    [4.10, -7.87, 76.39, "Spinward_4048134636499914752"],
    [350.85, 7.18, 63.16, "Spinward_6027542023586836992"],
    [5.29, 9.07, 60.78, "Spinward_4122101223197445120"],
    [46.98, 2.10, 80.06, "Spinward_4314138213329935744"],
    [342.76, -47.50, 33.24, "Spinward_6462296480342791808"],
    [329.89, 6.91, 95.68, "Spinward_5987096144781016576"],
    [50.52, 33.93, 67.88, "Spinward_1308478902171832960"],
    [307.35, -18.59, 92.09, "Spinward_5772966285307839744"],
    [353.80, -8.48, 80.73, "Spinward_4036213215995228928"],
    [330.35, -2.20, 73.09, "Spinward_5932967427975451648"],
    [12.09, 26.71, 62.49, "Spinward_4354115356516436352"],
    [275.71, 69.68, 51.22, "Spinward_3904895793493364736"],
    [145.55, 31.04, 79.27, "Spinward_1098210669299275520"],
    [77.34, -61.09, 84.62, "Spinward_2632613162000177664"],
    [215.01, -27.39, 63.78, "Spinward_2988198933276253824"],
    [284.27, 12.13, 35.54, "Spinward_5386627109385889536"],
    [131.26, -14.50, 65.82, "Spinward_399197045294505088"],
    [316.57, 5.35, 96.59, "Spinward_5892919469176528640"],
    [58.45, 2.81, 80.73, "Spinward_2019758231285444992"],
    [5.87, 5.06, 78.52, "Spinward_4118121197343997568"],
    [318.57, -42.36, 93.04, "Spinward_6385071765769918976"],
    [6.10, 11.67, 75.67, "Spinward_4134777733268549248"],
    [47.80, 8.89, 36.54, "Spinward_4512055009227615744"],
    [298.19, -2.08, 75.08, "Spinward_6053246269004992000"],
    [49.49, 0.57, 96.76, "Spinward_4320679856467316352"],
    [166.80, -0.95, 86.57, "Spinward_200455027172935040"],
    [7.78, 13.89, 82.80, "Spinward_4136517985289257344"],
    [339.02, 9.04, 91.67, "Spinward_5996993914090256896"],
    [353.92, 7.19, 85.67, "Spinward_6029397002873733632"],
    [61.20, -3.26, 96.70, "Spinward_1833336206561765760"],
    [324.27, 57.10, 44.86, "Spinward_3634146999386805376"],
    [5.89, 2.50, 86.15, "Spinward_4068921552343120128"],
    [333.69, -69.72, 85.74, "Spinward_6532599146447687808"],
    [134.49, 28.66, 98.70, "Spinward_1141846540594232192"],
    [74.51, -43.60, 71.99, "Spinward_2706611462780563200"],
    [5.97, 3.93, 69.90, "Spinward_4117097620823956480"],
    [7.59, -7.13, 87.98, "Spinward_4076162287424360832"],
    [357.61, -3.17, 88.67, "Spinward_4043455351336852480"],
    [72.34, 61.58, 68.51, "Spinward_1489387631964145152"],
    [199.53, 32.86, 89.33, "Spinward_678609063312785536"],
    [242.48, -53.54, 91.25, "Spinward_4856328115818390656"],
    [355.26, -3.86, 67.76, "Spinward_4041473825238039040"],
    [199.43, -61.37, 87.72, "Spinward_5129569193545028864"],
    [341.46, 25.37, 60.07, "Spinward_6214660451449324672"],
    [252.04, -59.89, 94.29, "Spinward_4755745925980823680"],
    [154.66, -41.74, 69.20, "Spinward_76055319532457600"],
    [261.65, -3.65, 71.18, "Spinward_5525975742763972224"],
    [262.11, -3.47, 80.25, "Spinward_5522956105873618432"],
    [110.18, 2.88, 77.62, "Spinward_2207285608693851776"],
    [61.52, 2.82, 79.39, "Spinward_2024987405506142208"],
    [6.30, 53.61, 98.33, "Spinward_1161378230788986624"],
    [3.83, 5.92, 79.35, "Spinward_4117523887603427200"],
    [222.93, 18.20, 88.60, "Spinward_3071445050262664960"],
    [64.09, 69.36, 96.30, "Spinward_1480957401436489856"],
    [142.37, 19.83, 71.32, "Spinward_486137834885588480"],
    [13.36, 7.78, 92.52, "Spinward_4149802078621299968"],
    [14.14, 2.70, 67.86, "Spinward_4146705063604423296"],
    [358.27, -4.02, 87.69, "Spinward_4043366295119999360"],
    [311.97, -3.31, 62.99, "Spinward_5852869723749774208"],
    [199.27, 64.89, 48.77, "Spinward_733294785947067776"],
    [26.11, -1.00, 92.14, "Spinward_4253181387392462848"],
    [354.67, 3.98, 91.79, "Spinward_5980458702347370240"],
    [8.19, 5.52, 56.33, "Spinward_4120106777820241792"],
    [130.06, -40.53, 42.73, "Spinward_2790768456435211648"],
    [142.90, 2.53, 80.88, "Spinward_450015648095333504"],
    [349.37, -1.82, 95.13, "Spinward_5972515108750257408"],
    [233.75, 7.43, 83.46, "Spinward_5725328329127553664"],
    [190.24, -36.30, 89.40, "Spinward_3257125149418579072"],
    [26.65, 17.18, 74.29, "Spinward_4376176438851731072"],
    [353.61, -4.78, 58.14, "Spinward_4040161523668897408"],
    [356.54, 6.10, 53.39, "Spinward_4107629519906793216"],
    [348.57, 20.58, 85.44, "Spinward_6235910918843846784"],
    [313.57, -2.14, 92.56, "Spinward_5853390754879394432"],
    [68.41, -0.79, 67.27, "Spinward_2029856760197520000"],
    [55.82, -1.16, 50.33, "Spinward_1825339389770865408"],
    [90.98, -19.87, 87.67, "Spinward_1902179408388609920"],
    [8.00, -7.48, 78.93, "Spinward_4076250488831621632"],
    [224.47, 63.20, 81.90, "Spinward_3984719513035699456"],
    [2.84, 3.71, 61.33, "Spinward_4068252881776835200"],
    [27.59, 28.24, 19.59, "Spinward_4443110789740420480"],
    [357.04, 5.49, 72.38, "Spinward_4107547297078156160"],
    [75.37, 16.31, 64.72, "Spinward_2106132596228948480"],
    [219.18, 7.24, 82.14, "Spinward_3061530861294142336"],
    [72.69, 86.02, 95.92, "Spinward_1464385733981277824"],
    [153.96, -0.48, 99.95, "Spinward_270334385600066432"],
    [356.14, -7.95, 67.21, "Spinward_4038001949648803968"],
    [352.26, 44.02, 92.13, "Spinward_6333959799521353856"],
    [338.31, -22.04, 91.65, "Spinward_6637360034524827136"],
    [37.37, 21.62, 99.69, "Spinward_4494278998585155072"],
    [352.44, 39.33, 80.23, "Spinward_6319588392272605312"],
    [318.66, -5.94, 48.60, "Spinward_5825329259585290496"],
    [22.04, -0.40, 68.42, "Spinward_4155122237440073472"],
    [56.63, 23.85, 70.55, "Spinward_4602785750977180160"],
    [6.15, -26.24, 97.48, "Spinward_6746733060345007360"],
    [148.89, -62.62, 63.14, "Spinward_2484565330069381248"],
    [25.68, -2.04, 83.89, "Spinward_4251942791915796096"],
    [83.39, 7.68, 65.01, "Spinward_2084347216431987968"],
    [12.63, 6.95, 60.81, "Spinward_4149127184650779008"],
    [42.59, -16.26, 78.53, "Spinward_4237479747162993152"],
    [231.26, -7.16, 85.49, "Spinward_2932722421270718208"],
    [20.00, 2.11, 45.58, "Spinward_4154409238507604992"],
    [103.89, 45.45, 91.57, "Spinward_1645071572149938304"],
    [290.97, 9.35, 93.74, "Spinward_5345745171124993408"],
    [4.05, 27.93, 88.23, "Spinward_4345039197266886016"],
    [356.05, 29.17, 89.91, "Spinward_6263968497075264128"],
    [52.58, -3.42, 99.34, "Spinward_4318718503818086528"],
    [19.38, -3.71, 98.53, "Spinward_4103872351263696128"],
    [174.64, 31.15, 99.02, "Spinward_929209409916991360"],
    [312.44, -3.83, 65.38, "Spinward_5852603263996657408"],
    [19.65, 2.33, 83.54, "Spinward_4154387007752029056"],
    [227.45, -52.60, 82.73, "Spinward_5056101956882224128"],
    [4.72, -5.15, 94.66, "Spinward_4052252238869281664"],
    [9.18, 9.23, 67.98, "Spinward_4124653219747053056"],
    [11.36, -4.36, 52.62, "Spinward_4090357566627631744"],
    [311.53, -51.81, 84.90, "Spinward_4901067759348412288"],
    [118.82, 6.16, 56.26, "Spinward_529067373039118592"],
    [178.79, 65.33, 82.10, "Spinward_764800638806256512"],
    [264.88, 26.45, 64.95, "Spinward_5472723302242240640"],
    [174.65, -57.27, 81.33, "Spinward_2488937675496191104"],
    [316.03, -1.07, 69.67, "Spinward_5877680100565364864"],
    [244.41, -57.36, 84.56, "Spinward_4853814284343595648"],
    [26.89, -7.62, 53.36, "Spinward_4204219722278492160"],
    [245.34, 6.64, 72.82, "Spinward_5696048270058360960"],
    [354.12, -5.37, 82.63, "Spinward_4040315837517307136"],
    [199.48, -7.48, 99.08, "Spinward_3323422195883024512"],
    [89.25, 1.65, 99.70, "Spinward_2168527033550246912"],
    [240.87, -21.49, 57.70, "Spinward_2892462944018178432"],
    [341.47, 45.68, 82.76, "Spinward_6329881298575852416"],
    [354.78, -2.57, 90.23, "Spinward_4041389441936977280"],
    [5.41, 1.83, 81.02, "Spinward_4068661762667576832"],
    [10.51, 7.96, 90.30, "Spinward_4124907761046537344"],
    [2.64, -2.07, 84.37, "Spinward_4062782394948365184"],
    [359.11, -6.33, 99.00, "Spinward_4042738886228655104"],
    [41.47, -1.78, 94.61, "Spinward_4306113908684521216"],
    [148.31, 29.70, 81.45, "Spinward_1096369227839453312"],
    [327.72, -3.13, 54.07, "Spinward_5836263387324909440"],
    [46.85, -6.13, 82.91, "Spinward_4302245307066414080"],
    [333.28, -2.12, 75.58, "Spinward_5934184174990615296"],
    [328.08, -62.51, 62.03, "Spinward_6522770856821676672"],
    [7.61, 13.21, 77.30, "Spinward_4136423938387876864"],
    [126.29, -41.46, 89.17, "Spinward_2791163254121038720"],
    [20.61, 3.19, 70.49, "Spinward_4157810337196374528"],
    [219.86, 77.61, 88.13, "Spinward_4004535972448198912"],
    [216.84, -52.47, 25.80, "Spinward_5086434355956992896"],
    [15.35, -9.81, 86.96, "Spinward_4085274249473293312"],
    [281.63, 26.15, 43.12, "Spinward_5402956398944345472"],
    [71.99, -8.28, 72.84, "Spinward_1858916310205088128"],
    [353.93, -0.50, 69.00, "Spinward_4053610307485242880"],
    [99.73, 15.89, 94.56, "Spinward_2246263742578754944"],
    [128.61, -15.63, 81.57, "Spinward_398265174829845504"],
    [59.53, 1.19, 99.72, "Spinward_2021132620817449600"],
    [97.66, 22.17, 83.19, "Spinward_2255038085886495744"],
    [10.67, 50.40, 87.01, "Spinward_1163536640833785728"],
    [60.06, 28.46, 94.28, "Spinward_4608415250510224384"],
    [117.34, -63.48, 80.50, "Spinward_2542889233603350144"],
    [6.55, 5.52, 66.19, "Spinward_4118245098551627392"],
    [356.95, -60.85, 74.95, "Spinward_6544839665802317696"],
    [170.23, 48.85, 62.59, "Spinward_824883932743104128"],
    [353.04, -5.46, 86.42, "Spinward_4039887234088145664"],
    [335.53, 14.02, 59.93, "Spinward_6009425576656752128"],
    [148.39, -6.11, 65.70, "Spinward_249273377811056896"],
    [329.80, -4.88, 82.82, "Spinward_5928419332396954880"],
    [315.60, -13.63, 86.59, "Spinward_5794878181954932096"],
    [1.80, -3.25, 71.95, "Spinward_4062395813540224768"],
    [257.90, 4.55, 94.72, "Spinward_5625518825388979456"],
    [18.43, -2.16, 39.51, "Spinward_4104547176587192448"],
    [129.76, -89.07, 84.11, "Spinward_2344476686718263040"],
    [333.30, 43.91, 62.02, "Spinward_6299932422902342016"],
    [238.33, -1.13, 76.61, "Spinward_5618817576890943872"],
    [3.30, 7.63, 99.68, "Spinward_4114785588220983680"],
    [4.44, -4.76, 65.78, "Spinward_4052425102669630336"],
    [127.85, -67.64, 99.45, "Spinward_2525146551904073600"],
    [262.96, -6.28, 90.07, "Spinward_5516717202022971904"],
    [2.34, -1.90, 99.10, "Spinward_4062766971666569728"],
    [266.09, 40.98, 49.47, "Spinward_3563946446129367424"],
    [205.02, -4.95, 97.13, "Spinward_3317686490395167232"],
    [100.09, 3.34, 98.34, "Spinward_2178308014116545920"],
    [279.28, -11.79, 56.62, "Spinward_5297796912142453504"],
    [141.97, 35.80, 43.13, "Spinward_1119059574424538496"],
    [327.63, 67.39, 60.42, "Spinward_3718214284057675776"],
    [302.58, -57.81, 71.86, "Spinward_4904161200953262464"],
    [61.71, 2.28, 85.43, "Spinward_2022064834875633920"],
    [3.76, 2.95, 99.50, "Spinward_4068326652235651328"],
    [220.08, 2.52, 73.95, "Spinward_3059179590042706304"],
    [36.43, 8.23, 61.26, "Spinward_4477260006010088704"],
    [6.70, -6.14, 80.94, "Spinward_4052890814560811392"],
    [40.78, 47.03, 79.29, "Spinward_1219006521420203264"],
    [67.07, -7.79, 49.77, "Spinward_1832557855377645184"],
    [357.49, 2.62, 87.29, "Spinward_4058707742141312128"],
    [318.31, -2.68, 94.28, "Spinward_5874645414135901568"],
    [4.55, 9.50, 88.90, "Spinward_4121980551835252224"],
    [331.87, 6.44, 86.13, "Spinward_5987885868995876096"],
    [14.49, -20.87, 73.90, "Spinward_6767835952658183424"],
    [55.56, -0.01, 88.06, "Spinward_1825583618779871872"],
    [358.99, 24.23, 48.53, "Spinward_4328402379453197184"],
    [166.72, 1.17, 88.84, "Spinward_189031994717175424"],
    [357.35, 5.94, 50.97, "Spinward_4107767061940649344"],
    [81.36, -49.75, 75.51, "Spinward_2662329903281803136"],
    [309.68, -9.50, 93.56, "Spinward_5797810613843582720"],
    [66.60, 2.01, 55.67, "Spinward_2033453473231865728"],
    [9.00, 8.73, 81.99, "Spinward_4124436585936203648"],
    [6.28, 2.09, 99.51, "Spinward_4070413628237726336"],
    [230.77, -18.06, 98.26, "Spinward_2913442038194721792"],
    [355.37, 7.22, 77.65, "Spinward_6029931056209340672"],
    [36.04, -4.00, 88.86, "Spinward_4267314445419401344"],
    [7.22, -27.08, 78.60, "Spinward_6747237014624865408"],
    [332.36, -9.61, 96.59, "Spinward_5916867966289403264"],
    [49.73, 6.13, 93.15, "Spinward_4514256613797035776"],
    [324.68, 3.12, 99.52, "Spinward_5888761287972052864"],
    [8.76, 3.12, 95.63, "Spinward_4119229986110350592"],
    [55.73, -62.29, 78.09, "Spinward_2410403511293983104"],
    [358.60, -4.54, 62.42, "Spinward_4043683572991162880"],
    [52.04, 74.27, 77.31, "Spinward_1454410930133425792"],
    [60.96, -1.18, 93.84, "Spinward_1828423240689950336"],
    [329.07, 14.91, 76.22, "Spinward_6005269594497540096"],
    [20.71, -1.23, 80.12, "Spinward_4154653261388149888"],
    [46.51, 1.87, 83.64, "Spinward_4314047194300204928"],
    [279.89, 4.88, 81.66, "Spinward_5358421853010716288"],
    [306.86, -2.13, 87.91, "Spinward_5864071685701489920"],
    [219.97, 9.89, 94.32, "Spinward_3085067385155568640"],
    [152.53, 75.80, 26.95, "Spinward_1532844111064539904"],
    [353.64, 5.56, 91.24, "Spinward_6028278284089783936"],
    [9.41, -11.75, 82.29, "Spinward_4073861009518129664"],
    [359.58, -18.27, 94.50, "Spinward_6719161290152387328"],
    [108.97, -21.46, 74.81, "Spinward_1919579527791884032"],
    [352.94, 6.31, 86.19, "Spinward_6028495918635934720"],
    [149.53, 31.99, 55.92, "Spinward_1095171206843739904"],
    [70.96, -27.92, 98.88, "Spinward_1772398214101623552"],
    [73.06, -8.64, 82.27, "Spinward_1858296838485805568"],
    [353.67, 8.00, 69.17, "Spinward_6029628827935005952"],
    [24.78, -2.36, 76.13, "Spinward_4251820746035318784"],
    [119.30, 48.36, 39.83, "Spinward_1684846680161990144"],
    [312.62, -2.46, 59.18, "Spinward_5852984897656666752"],
    [326.41, 59.80, 93.36, "Spinward_3661832839613806208"],
    [350.04, -5.41, 94.78, "Spinward_5960701852822999680"],
    [212.99, -26.58, 68.54, "Spinward_2989837098225320576"],
    [214.09, -20.07, 64.92, "Spinward_3012073213365000960"],
    [66.68, 2.66, 99.61, "Spinward_2033678907428498048"],
    [301.80, -1.50, 89.11, "Spinward_5861148599693961984"],
    [298.98, 76.87, 74.84, "Spinward_3930803242380871424"],
    [70.14, -34.86, 72.48, "Spinward_2727218612787586688"],
    [19.46, -9.27, 78.80, "Spinward_4088665349477535616"],
    [4.69, 22.29, 80.99, "Spinward_4330920231012743424"],
    [54.21, -2.71, 78.55, "Spinward_1824015062369379840"],
    [47.27, 17.53, 78.06, "Spinward_4527921649213779456"],
    [20.73, -4.54, 89.22, "Spinward_4105468154882162816"],
    [287.54, 11.36, 95.61, "Spinward_5373985508807501952"],
    [30.24, -7.04, 70.01, "Spinward_4212063642546754048"],
    [356.58, -2.83, 85.84, "Spinward_4041950635251422464"],
    [49.37, 4.42, 93.95, "Spinward_4513884910113429376"],
    [231.56, -34.39, 95.14, "Spinward_4876125952252167808"],
    [350.69, 18.60, 79.56, "Spinward_6049578435624551168"],
    [7.74, 5.87, 98.60, "Spinward_4120017064565026688"],
    [32.03, -54.17, 76.19, "Spinward_6819225987968976512"],
    [277.44, -29.17, 81.66, "Spinward_5283884344838100736"],
    [240.94, -47.34, 69.72, "Spinward_4844596322453425280"],
    [282.38, -49.59, 98.96, "Spinward_4721430889632930944"],
    [6.29, 3.83, 96.31, "Spinward_4117130503010694528"],
    [26.20, 1.63, 82.53, "Spinward_4256435052761108736"],
    [280.89, -3.48, 92.08, "Spinward_5257891065332975232"],
    [6.54, -3.97, 51.68, "Spinward_4065158920576079232"],
    [13.92, 67.44, 69.74, "Spinward_1232854458053631872"],
    [290.93, 4.15, 97.75, "Spinward_5345856977723311360"],
    [7.19, -7.19, 87.36, "Spinward_4076112809371477248"],
    [237.77, 33.45, 75.38, "Spinward_3825669452361099008"],
    [14.54, 16.76, 85.54, "Spinward_4359763341590620672"],
    [359.78, 5.60, 60.56, "Spinward_4109846405958060800"],
    [229.53, 17.89, 46.41, "Spinward_3065033699177348480"],
    [328.10, -3.57, 97.63, "Spinward_5835512283495479424"],
    [230.45, -10.92, 88.16, "Spinward_2927175213305526400"],
    [113.66, -46.87, 84.82, "Spinward_2792403846835111552"],
    [317.31, 62.32, 68.21, "Spinward_3687903084941479808"],
    [74.97, 4.25, 64.76, "Spinward_2072425113101238016"],
    [219.54, -28.05, 59.24, "Spinward_2982019677928272000"],
    [166.96, -7.40, 97.29, "Spinward_173922952601254272"],
    [120.96, -23.06, 75.16, "Spinward_369021906445473536"],
    [245.92, 5.55, 76.86, "Spinward_5694434255707783680"],
    [54.45, -7.79, 41.38, "Spinward_1807542832001548928"],
    [172.30, -24.83, 53.54, "Spinward_50490226782799616"],
    [174.23, 28.96, 66.01, "Spinward_926439911925844352"],
    [258.70, 8.36, 93.64, "Spinward_5627427783729791104"],
    [323.85, -10.19, 73.85, "Spinward_5828145211931442432"],
    [195.63, -14.68, 57.05, "Spinward_3337283842051196288"],
    [22.47, -5.41, 97.83, "Spinward_4106027359624736768"],
    [331.81, -74.36, 58.09, "Spinward_4996303569599595392"],
    [287.96, -25.07, 96.84, "Spinward_5212626641210213760"],
    [66.20, -9.94, 88.18, "Spinward_1819293690704484992"],
    [1.33, -5.14, 75.94, "Spinward_4050013667502255488"],
    [352.05, 6.49, 96.19, "Spinward_6028368650165963136"],
    [216.36, -5.70, 89.94, "Spinward_3103242037484268672"],
    [293.57, -36.97, 29.26, "Spinward_4626844714657877376"],
    [329.60, -4.30, 72.44, "Spinward_5931440446729225728"],
    [353.86, 5.22, 84.81, "Spinward_6028641225978378624"],
    [7.64, -18.42, 23.37, "Spinward_6758930664392303232"],
    [1.73, 6.52, 51.81, "Spinward_4111307592473113600"],
    [259.38, -12.39, 98.05, "Spinward_5507514220970670080"],
    [145.95, 55.22, 76.99, "Spinward_856609309970189440"],
    [336.81, 35.02, 96.69, "Spinward_6280777242426312320"],
    [132.27, 38.64, 77.47, "Spinward_1128433254648876928"],
    [45.92, -4.81, 89.73, "Spinward_4302365398683398016"],
    [221.35, 60.41, 98.28, "Spinward_3986388674765329792"],
    [340.48, 73.14, 74.23, "Spinward_3739925893495162240"],
    [329.92, -1.31, 80.19, "Spinward_5933213301835868544"],
    [6.19, -3.23, 43.23, "Spinward_4064981284962252800"],
    [359.45, 15.89, 89.53, "Spinward_4130391708361655680"],
    [17.56, -3.67, 65.41, "Spinward_4103053112014588032"],
    [24.63, -2.62, 51.19, "Spinward_4251520923042240640"],
    [327.85, -15.32, 62.74, "Spinward_5814114648992756736"],
    [262.23, 64.45, 94.36, "Spinward_3909849810635536256"],
    [151.97, -37.80, 23.15, "Spinward_86511572033828480"],
    [3.08, -3.22, 99.43, "Spinward_4062893273856795904"],
    [333.71, 26.34, 95.40, "Spinward_6224272863144168320"],
    [44.75, -1.85, 86.52, "Spinward_4308629522566427392"],
    [223.94, 18.49, 97.98, "Spinward_3071157600986989312"],
    [178.75, -39.11, 84.34, "Spinward_3276123954431671552"],
    [209.09, -23.70, 52.64, "Spinward_3207257280575852416"],
    [37.97, -2.61, 47.14, "Spinward_4269010545254497408"],
    [253.95, 29.51, 93.51, "Spinward_5673828961122904320"],
    [0.35, 43.11, 63.33, "Spinward_4415225834828278016"],
    [77.98, -17.32, 99.82, "Spinward_1848800390899570176"],
    [145.08, -70.57, 94.42, "Spinward_2471963414986901248"],
    [289.82, -67.89, 45.84, "Spinward_4930632699307077248"],
    [124.37, -39.48, 97.28, "Spinward_2803913431475787008"],
    [11.31, -35.15, 60.29, "Spinward_6793202510542922496"],
    [352.98, -4.05, 79.15, "Spinward_4040108167302485632"],
    [351.21, 7.51, 92.59, "Spinward_6027574459184759296"],
    [201.74, 37.49, 76.18, "Spinward_689828823558468352"],
    [359.92, -3.28, 68.91, "Spinward_4044182888652414464"],
    [288.53, -6.85, 63.22, "Spinward_5251296675621815936"],
    [62.73, -3.40, 95.41, "Spinward_1834270104225007744"],
    [292.75, -53.37, 40.91, "Spinward_4712509761521895424"],
    [73.24, 5.70, 43.87, "Spinward_2072201804833111168"],
    [0.87, -6.33, 97.44, "Spinward_4048962465766724736"],
    [358.76, 2.13, 60.04, "Spinward_4060307467127042176"],
    [218.56, -24.94, 97.02, "Spinward_2983830848455839744"],
    [354.56, 8.92, 86.53, "Spinward_6033142970242558336"],
    [214.98, 10.02, 54.58, "Spinward_3136210240806528128"],
    [27.41, 12.71, 95.10, "Spinward_4467877868979790592"],
    [54.14, -7.02, 94.57, "Spinward_1807592584887197824"],
    [333.60, 5.37, 87.43, "Spinward_5985218419422716928"],
    [356.74, -3.84, 34.93, "Spinward_4043180374560236672"],
    [84.70, 26.87, 39.34, "Spinward_2150850112086386816"],
    [28.11, 1.39, 92.05, "Spinward_4257774464070090496"],
    [356.28, -6.99, 99.02, "Spinward_4038931689803863936"],
    [218.82, -77.44, 43.82, "Spinward_5024960901364576000"],
    [1.75, -6.37, 32.91, "Spinward_4049400277552292352"],
    [340.27, -64.34, 56.73, "Spinward_6529139399967631872"],
    [323.68, 3.83, 95.07, "Spinward_5888012245710454528"],
    [345.26, -1.40, 68.59, "Spinward_5965797195789551104"],
    [347.97, -5.08, 89.23, "Spinward_5959022172654701824"],
    [319.12, -47.50, 80.92, "Spinward_6391614718948330496"],
    [346.12, 2.16, 95.73, "Spinward_5970199537269010304"],
    [122.93, -55.25, 89.14, "Spinward_2556818912055218048"],
    [162.23, -6.18, 97.40, "Spinward_179686622619044096"],
    [76.36, -2.58, 63.05, "Spinward_2056731646182381952"],
    [6.28, 9.84, 94.33, "Spinward_4122793193959964032"],
    [357.39, -4.76, 99.30, "Spinward_4042480741569718272"],
    [211.41, 50.79, 99.83, "Spinward_629481303234202368"],
    [358.84, 20.62, 79.72, "Spinward_4323902598050720384"],
    [139.03, 64.88, 62.57, "Spinward_1548238510806567040"],
    [226.11, -36.71, 68.19, "Spinward_4881673198868952320"],
    [321.02, -9.80, 56.27, "Spinward_5822676584715274112"],
    [132.87, -11.38, 60.52, "Spinward_357924952198845184"],
    [325.28, 3.92, 65.21, "Spinward_5888876079573691648"],
    [8.64, 5.58, 93.37, "Spinward_4120156943076800768"],
    [40.71, -10.17, 75.77, "Spinward_4240120808455132416"],
    [319.46, -8.72, 95.98, "Spinward_5825459173775533184"],
    [77.24, 9.89, 81.77, "Spinward_2078057876786683136"],
    [4.70, 3.54, 65.49, "Spinward_4116860882051499776"],
    [294.66, -11.99, 25.35, "Spinward_5229384714547758720"],
    [207.68, 15.04, 85.86, "Spinward_3162144382912722432"],
    [123.85, -79.73, 92.30, "Spinward_2369695635168366976"],
    [331.71, -3.51, 94.42, "Spinward_5933522440709871232"],
    [354.45, 8.08, 89.60, "Spinward_6030059011861590400"],
    [289.94, -28.30, 89.49, "Spinward_5212111215070782976"],
    [128.68, 27.00, 59.25, "Spinward_1150012918394931072"],
    [128.31, 6.29, 94.00, "Spinward_520069313476779136"],
    [358.08, -5.91, 67.38, "Spinward_4042624601496673792"],
    [179.41, 0.29, 97.33, "Spinward_3444287175505540736"],
    [338.41, -3.36, 98.75, "Spinward_5938542398506624640"],
    [226.40, 21.50, 23.85, "Spinward_3073123351683582720"],
    [97.81, 53.19, 63.43, "Spinward_1616830684709795328"],
    [356.46, -2.75, 97.50, "Spinward_4041927442422590208"],
    [113.98, -42.55, 40.34, "Spinward_2799000160687558144"],
    [152.74, 18.31, 92.18, "Spinward_1005909000316328192"],
    [4.56, 49.57, 84.85, "Spinward_1155677744035554176"],
    [51.54, -6.56, 89.77, "Spinward_4305219009308419200"],
    [307.54, -1.46, 65.94, "Spinward_5864960125472289280"],
    [7.38, 5.51, 51.39, "Spinward_4119796818692492672"],
    [26.42, -5.59, 90.52, "Spinward_4203748620256959488"],
    [358.59, 1.94, 77.23, "Spinward_4060283548438387328"],
    [1.35, -5.18, 73.69, "Spinward_4050014835733047424"],
    [45.08, -70.03, 99.98, "Spinward_2391467202349266048"],
    [308.80, 1.16, 92.62, "Spinward_5868804121140822016"],
    [75.23, -5.30, 89.58, "Spinward_1863311260039058816"],
    [167.25, -0.32, 97.37, "Spinward_188501613497444352"],
    [31.15, 1.59, 98.29, "Spinward_4260244478290185472"],
    [207.12, 28.20, 45.79, "Spinward_656043167701188096"],
    [38.51, 28.96, 46.41, "Spinward_4548093564411726080"],
    [112.54, -18.10, 46.39, "Spinward_1922718599128717184"],
    [309.61, 7.61, 55.81, "Spinward_6065343439511130240"],
    [14.71, 78.57, 50.29, "Spinward_1443712304038182784"],
    [288.72, -13.93, 54.74, "Spinward_5218534111028121984"],
    [157.97, 48.36, 36.51, "Spinward_1044968502350059776"],
    [67.68, -34.52, 62.85, "Spinward_2725540169632559616"],
    [218.76, -39.17, 94.75, "Spinward_4899531015753744896"],
    [164.68, 45.42, 87.52, "Spinward_1019647230599241600"],
    [290.33, -38.96, 52.43, "Spinward_4641267524074564992"],
    [156.20, -30.53, 67.63, "Spinward_113218503314339712"],
    [1.23, -1.62, 96.82, "Spinward_4062617712876500096"],
    [293.63, -10.93, 79.74, "Spinward_5231028828026218624"],
    [308.88, 4.15, 84.50, "Spinward_5870358968013538688"],
    [181.86, -48.84, 84.24, "Spinward_5186657692684533120"],
    [359.86, 5.48, 90.64, "Spinward_4109857439753098496"],
    [5.98, -2.75, 87.44, "Spinward_4065022615447094912"],
    [347.43, -7.54, 87.16, "Spinward_5955621078222392320"],
    [354.29, -4.18, 90.52, "Spinward_4040284226589154944"],
    [291.32, -75.41, 97.36, "Spinward_4987760952664573824"],
    [90.30, -42.13, 29.78, "Spinward_2815503108666238464"],
    [172.09, -26.06, 69.86, "Spinward_50046543778190720"],
    [234.75, 8.75, 86.77, "Spinward_5724564791317802240"],
    [13.20, 5.13, 82.18, "Spinward_4148441776597779968"],
    [16.01, -23.84, 95.74, "Spinward_6755390992861184256"],
    [334.22, -26.16, 69.89, "Spinward_6439766696818860544"],
    [266.46, -4.69, 27.68, "Spinward_5329184189538069760"],
    [356.84, -3.89, 95.92, "Spinward_4043186146946462464"],
    [65.78, 58.00, 97.61, "Spinward_1391779036964073216"],
    [303.14, -43.77, 89.19, "Spinward_4685926864680801920"],
    [324.92, -2.43, 66.07, "Spinward_5882449094849274624"],
    [23.29, -24.16, 67.68, "Spinward_6867485206875767936"],
    [25.44, 43.92, 98.41, "Spinward_1191411493983005696"],
    [331.29, 0.89, 96.95, "Spinward_5981554296920595712"],
    [270.27, 24.48, 54.98, "Spinward_5455482169645257088"],
    [66.65, -21.09, 85.92, "Spinward_1784958961926951424"],
    [356.51, -3.16, 77.21, "Spinward_4041895114183815424"],
    [56.32, 3.83, 87.64, "Spinward_2019158585104668544"],
    [56.14, 6.13, 97.77, "Spinward_4521243735284706176"],
    [1.39, 30.31, 67.69, "Spinward_4346703720435000320"],
    [352.48, -5.99, 91.48, "Spinward_4036742321655378688"],
    [235.49, 2.97, 69.43, "Spinward_5716909574750742400"],
    [7.63, -2.95, 90.26, "Spinward_4066335127295384576"],
    [356.25, 9.63, 97.07, "Spinward_6033606002048759296"],
    [236.73, -51.18, 92.18, "Spinward_4858685503108017536"],
    [59.87, 52.82, 81.63, "Spinward_1376243315620628352"],
    [57.87, -6.86, 80.46, "Spinward_1822143693556844544"],
    [33.58, 44.05, 76.55, "Spinward_1200130861708563584"],
    [58.25, 4.22, 84.06, "Spinward_2022815595143246464"],
    [352.26, 6.90, 71.22, "Spinward_6028440874387407360"],
    [127.75, -49.68, 94.87, "Spinward_2584815879712225280"],
    [358.62, -11.97, 83.28, "Spinward_6734187082920016640"],
    [316.24, -29.52, 92.69, "Spinward_6362807445582651264"],
    [322.76, 42.16, 22.57, "Spinward_6293916376311538944"],
    [95.61, 63.97, 71.38, "Spinward_1511257158759461120"],
    [83.90, 3.52, 37.76, "Spinward_2071188776666813952"],
    [161.47, 26.41, 53.41, "Spinward_988854681613031680"],
    [317.25, -5.62, 80.99, "Spinward_5873271814829351936"],
    [338.47, -24.05, 63.31, "Spinward_6633765314400179328"],
    [223.65, 28.92, 67.00, "Spinward_581627735399744128"],
    [64.79, -1.40, 95.50, "Spinward_2027407838556893568"],
    [5.93, -34.52, 99.47, "Spinward_6695448676928671744"],
    [327.58, 4.87, 99.54, "Spinward_5889568226473403008"],
    [16.85, 52.82, 80.66, "Spinward_1170247235175946880"],
    [55.95, 16.05, 56.91, "Spinward_4585434701579609984"],
    [246.75, 67.47, 91.31, "Spinward_3917958365292288256"],
    [100.04, 6.09, 92.46, "Spinward_2191705077957869184"],
    [354.62, -5.46, 63.77, "Spinward_4040352396288770560"],
    [305.73, -48.10, 38.94, "Spinward_4703464251158954240"],
    [356.34, -5.07, 67.46, "Spinward_4042269738387495296"],
    [5.27, 2.96, 86.15, "Spinward_4068843079015002368"],
    [100.46, 16.91, 17.48, "Spinward_2246581329639103872"],
    [26.16, -0.24, 95.49, "Spinward_4253080958192596736"],
    [284.45, -3.62, 71.11, "Spinward_5256442871108474880"],
    [5.04, 1.95, 65.53, "Spinward_4068557618339009280"],
    [64.87, 1.06, 73.59, "Spinward_2028646030454045184"],
    [27.40, -1.96, 87.24, "Spinward_4253336354191797376"],
    [316.27, 16.51, 79.89, "Spinward_6097162343938871936"],
    [286.75, 25.37, 81.72, "Spinward_3464805750397179648"],
    [185.76, -20.30, 48.60, "Spinward_3296045077903829888"],
    [181.05, 25.66, 84.93, "Spinward_896208942799833728"],
    [354.42, -4.41, 85.29, "Spinward_4040644831978280192"],
    [358.12, -3.25, 87.50, "Spinward_4043561454148068992"],
    [263.81, 13.17, 73.71, "Spinward_5436957803902040576"],
    [11.91, 5.21, 78.79, "Spinward_4147967234246006912"],
    [12.00, 5.98, 83.77, "Spinward_4148054885970472576"],
    [9.67, 3.48, 61.66, "Spinward_4119608973965321088"],
    [63.98, -2.29, 70.41, "Spinward_1835049795429288192"],
    [35.55, 83.44, 71.49, "Spinward_1449395610922504576"],
    [69.44, -15.36, 63.62, "Spinward_1839317618505705472"],
    [54.65, -9.67, 58.74, "Spinward_1806829455099394944"],
    [5.55, 5.80, 72.94, "Spinward_4118102540018763520"],
    [271.60, -12.08, 99.35, "Spinward_5315781142800253824"],
    [56.21, -3.83, 52.44, "Spinward_1821560059092752640"],
    [357.14, -49.81, 59.64, "Spinward_6565926928729723904"],
    [323.10, -8.88, 98.93, "Spinward_5829012795350491136"],
    [213.73, -44.87, 97.47, "Spinward_5094343040015639936"],
    [348.46, 11.21, 96.87, "Spinward_6025426494486630912"],
    [128.33, -60.53, 84.03, "Spinward_2539039632939767424"],
    [357.73, 2.31, 78.49, "Spinward_4058752895122748288"],
    [72.39, -29.08, 31.11, "Spinward_1769740728857008640"],
    [355.17, 6.92, 96.50, "Spinward_6029907657211649024"],
    [326.35, -11.54, 94.72, "Spinward_5817973492419580672"],
    [59.69, 3.14, 68.60, "Spinward_2024409440342366848"],
    [241.69, -2.01, 88.49, "Spinward_5613841187267701248"],
    [322.17, -3.61, 82.87, "Spinward_5881710807091497856"],
    [211.13, -60.55, 50.06, "Spinward_5078338411322735488"],
    [12.06, 13.25, 68.86, "Spinward_4141833299380367232"],
    [134.40, -39.62, 99.64, "Spinward_289941048741480832"],
    [353.51, 6.49, 38.84, "Spinward_6028549176332774912"],
    [133.62, 45.11, 97.21, "Spinward_1062235709693684096"],
    [308.53, -13.14, 80.31, "Spinward_5790196628947902080"],
    [170.96, -75.39, 53.01, "Spinward_2450753801327284736"]
]
