[
    [61.64, 17.44, 5.69, "Spin_Star_2091177593123254016"],
    [52.43, 25.63, 8.31, "Spin_Star_4594497838483177984"],
    [52.43, 25.63, 8.34, "Spin_Star_4594497769766809216"],
    [52.43, 25.63, 8.34, "Spin_Star_4594497834189213184"],
    [54.29, 13.14, 9.93, "Spin_Star_4535928365908540416"],
    [54.29, 13.14, 9.94, "Spin_Star_4535928365908541440"],
    [49.06, 30.88, 10.75, "Spin_Star_4574048021719710848"],
    [49.06, 30.88, 10.76, "Spin_Star_4574048021719712640"],
    [61.04, 15.77, 10.80, "Spin_Star_2090085056523454464"],
    [58.17, 18.32, 11.10, "Spin_Star_4588438567346043776"],
    [50.89, 28.67, 11.95, "Spin_Star_4595127343251508992"],
    [58.95, 15.49, 12.14, "Spin_Star_4587614930058979584"],
    [55.92, 18.10, 14.80, "Spin_Star_4586421272746553472"],
    [55.92, 18.10, 14.85, "Spin_Star_4586421272742268544"],
    [43.88, 17.48, 14.93, "Spin_Star_4502369583096912896"],
    [49.21, 24.70, 15.01, "Spin_Star_4581486217883307008"],
    [50.34, 27.64, 15.55, "Spin_Star_4594186745414679680"],
    [56.97, 22.30, 15.77, "Spin_Star_4590758227641991424"],
    [52.93, 19.46, 17.84, "Spin_Star_4579825847951057792"],
    [46.91, 16.62, 20.51, "Spin_Star_4527029949581078016"],
    [45.81, 25.63, 20.53, "Spin_Star_4557080701880013824"],
    [53.95, 12.84, 21.07, "Spin_Star_4535850438020392704"],
    [46.98, 13.99, 21.16, "Spin_Star_4523577620507728768"],
    [48.66, 23.49, 21.35, "Spin_Star_4580620038939265920"],
    [62.37, 24.51, 21.62, "Spin_Star_4606406992522938240"],
    [58.51, 22.19, 21.80, "Spin_Star_4591351448523805312"],
    [45.82, 24.23, 21.86, "Spin_Star_4556066746008265344"],
    [54.97, 24.20, 21.95, "Spin_Star_4596549007488604288"],
    [52.30, 21.78, 21.98, "Spin_Star_4582680493669880704"],
    [62.41, 16.75, 22.02, "Spin_Star_2091272352980851456"],
    [52.46, 19.39, 22.15, "Spin_Star_4579668141049191040"],
    [45.82, 24.23, 22.49, "Spin_Star_4556066746008264192"],
    [43.90, 20.35, 22.51, "Spin_Star_4503423641091793152"],
    [43.89, 20.35, 22.52, "Spin_Star_4503423641091795712"],
    [46.73, 25.89, 22.79, "Spin_Star_4557198933740208128"],
    [46.73, 25.89, 22.80, "Spin_Star_4557198933740208768"],
    [52.64, 16.43, 22.87, "Spin_Star_4536614495522394112"],
    [53.52, 25.72, 23.01, "Spin_Star_4596266712176637952"],
    [46.29, 16.18, 23.19, "Spin_Star_4526778333217510656"],
    [51.21, 13.78, 23.41, "Spin_Star_4535144998232287232"],
    [51.21, 13.80, 23.42, "Spin_Star_4535145719786807552"],
    [60.47, 15.39, 23.75, "Spin_Star_2089980534198798848"],
    [48.91, 26.20, 23.89, "Spin_Star_4581695915363428736"],
    [60.66, 15.86, 23.95, "Spin_Star_2090051761936884864"],
    [55.20, 31.48, 24.10, "Spin_Star_4600264742611971712"],
    [58.58, 30.44, 24.20, "Spin_Star_1335880415564253312"],
    [46.41, 26.51, 24.25, "Spin_Star_4557368602127213056"],
    [56.53, 21.62, 24.41, "Spin_Star_4590489981163831296"],
    [56.54, 21.63, 24.45, "Spin_Star_4590489981163833984"],
    [46.48, 21.91, 24.52, "Spin_Star_4576863905365412736"],
    [47.08, 19.98, 25.17, "Spin_Star_4575928186608296064"],
    [53.27, 14.19, 25.20, "Spin_Star_4535992721693216384"],
    [51.34, 13.75, 25.22, "Spin_Star_4535152454295543936"],
    [53.27, 14.19, 25.26, "Spin_Star_4535992721693216256"],
    [47.53, 23.17, 25.37, "Spin_Star_4580216762992082048"],
    [59.23, 15.61, 25.49, "Spin_Star_4587904788810726784"],
    [56.52, 23.18, 25.49, "Spin_Star_4590708818337310976"],
    [57.90, 30.63, 26.08, "Spin_Star_4602078902438063488"],
    [51.37, 31.48, 26.09, "Spin_Star_4575280707395399424"],
    [53.67, 20.65, 26.55, "Spin_Star_4583157303758720384"],
    [44.05, 18.51, 26.57, "Spin_Star_4503191953375005056"],
    [57.81, 30.29, 26.79, "Spin_Star_4602081204540357248"],
    [48.16, 17.47, 26.98, "Spin_Star_4528074313831862656"],
    [54.83, 29.64, 27.07, "Spin_Star_4599273670318716928"],
    [57.75, 24.57, 27.19, "Spin_Star_4603189168664878208"],
    [51.94, 27.10, 27.79, "Spin_Star_4595398441587270272"],
    [51.85, 21.32, 27.80, "Spin_Star_4582593426093822080"],
    [51.96, 27.10, 27.82, "Spin_Star_4595398544666486912"],
    [59.25, 21.93, 27.84, "Spin_Star_4591395600788082816"],
    [59.24, 21.93, 27.85, "Spin_Star_4591398521365845376"],
    [49.59, 19.16, 28.01, "Spin_Star_4578202973087023360"],
    [55.47, 23.28, 28.25, "Spin_Star_4584639307993378432"],
    [55.47, 23.25, 28.28, "Spin_Star_4584638930036248192"],
    [55.07, 18.41, 28.89, "Spin_Star_4586000675189058304"],
    [61.85, 26.97, 29.08, "Spin_Star_4608161125885674368"],
    [45.83, 16.09, 29.19, "Spin_Star_4526375465285830656"],
    [43.86, 21.36, 29.27, "Spin_Star_4551544278579199872"],
    [54.37, 16.04, 29.34, "Spin_Star_4537192426318445312"],
    [56.17, 18.93, 29.52, "Spin_Star_4586694604465211008"],
    [48.12, 23.10, 29.61, "Spin_Star_4580333689181010048"],
    [59.14, 25.44, 29.71, "Spin_Star_4604269606340411136"],
    [59.14, 25.44, 29.72, "Spin_Star_4604269610637580928"],
    [47.47, 29.83, 29.79, "Spin_Star_4570293086432167168"],
    [61.79, 25.00, 30.06, "Spin_Star_4606416269652179328"],
    [45.80, 20.82, 30.15, "Spin_Star_4575945229036253184"],
    [56.19, 22.50, 30.41, "Spin_Star_4590620410730110720"],
    [62.03, 23.58, 30.54, "Spin_Star_4606224817186878848"],
    [49.98, 29.33, 30.59, "Spin_Star_4571079649562719488"],
    [53.97, 18.72, 30.71, "Spin_Star_4585850282613829504"],
    [53.96, 18.72, 30.72, "Spin_Star_4585850278315479168"],
    [50.40, 22.38, 30.83, "Spin_Star_4580977590677482240"],
    [45.62, 16.76, 30.85, "Spin_Star_4526552933333437824"],
    [46.99, 27.60, 30.91, "Spin_Star_4569490683463206272"],
    [62.06, 26.30, 31.29, "Spin_Star_4608207477172347904"],
    [49.40, 13.31, 31.37, "Spin_Star_4525872816669735552"],
    [49.40, 13.31, 31.37, "Spin_Star_4525872816677718144"],
    [52.07, 26.69, 31.38, "Spin_Star_4594731759583796736"],
    [42.78, 22.97, 31.41, "Spin_Star_4552028750887460608"],
    [54.82, 27.45, 31.48, "Spin_Star_4597447518944594176"],
    [48.19, 25.40, 31.62, "Spin_Star_4581383928942599296"],
    [47.38, 23.87, 31.92, "Spin_Star_4580262354065113472"],
    [55.04, 12.95, 32.01, "Spin_Star_4537477783950449280"],
    [45.71, 24.08, 32.04, "Spin_Star_4556014656644051456"],
    [51.35, 23.96, 32.09, "Spin_Star_4582109709695355136"],
    [56.18, 21.75, 32.09, "Spin_Star_4590455518346609792"],
    [51.91, 27.63, 32.19, "Spin_Star_4595441868000475520"],
    [49.92, 18.00, 32.20, "Spin_Star_4578053611301931008"],
    [45.02, 17.78, 32.38, "Spin_Star_4526526682493271808"],
    [49.51, 27.86, 32.89, "Spin_Star_4594043980701032192"],
    [55.86, 29.49, 33.23, "Spin_Star_4600837382010781696"],
    [46.45, 16.71, 33.30, "Spin_Star_4526993425179099520"],
    [58.63, 25.64, 33.45, "Spin_Star_4604233910868083200"],
    [63.05, 19.43, 33.69, "Spin_Star_2095356080905937280"],
    [44.97, 27.47, 33.77, "Spin_Star_4556880487684476032"],
    [56.44, 13.52, 33.98, "Spin_Star_4537903393728410624"],
    [58.63, 25.64, 34.07, "Spin_Star_4604234013949024768"],
    [50.48, 24.26, 34.13, "Spin_Star_4581967322939982336"],
    [56.23, 17.27, 34.15, "Spin_Star_4585761016015178880"],
    [52.56, 15.36, 34.30, "Spin_Star_4536317627382789248"],
    [53.93, 29.51, 34.32, "Spin_Star_4599165883819178240"],
    [53.76, 23.77, 34.56, "Spin_Star_4584405146372926720"],
    [62.85, 25.00, 34.67, "Spin_Star_4609576334789258112"],
    [52.65, 12.41, 34.93, "Spin_Star_4532615434294918144"],
    [55.53, 13.04, 34.99, "Spin_Star_4537700538125767168"],
    [49.54, 13.72, 35.06, "Spin_Star_4525943082344640256"],
    [56.61, 16.59, 35.26, "Spin_Star_4587205946091433472"],
    [49.82, 28.01, 35.36, "Spin_Star_4594808965914061184"],
    [56.16, 17.86, 35.59, "Spin_Star_4586515040472519552"],
    [58.67, 25.74, 35.70, "Spin_Star_4604247070649603584"],
    [47.96, 15.38, 36.05, "Spin_Star_4528453610982212352"],
    [50.71, 19.63, 36.06, "Spin_Star_4579178858373457152"],
    [57.93, 15.38, 36.08, "Spin_Star_4587501474203803136"],
    [48.61, 16.99, 36.16, "Spin_Star_4529575353368924032"],
    [50.71, 19.65, 36.18, "Spin_Star_4579178927092945152"],
    [49.75, 12.50, 36.39, "Spin_Star_4525720843553328640"],
    [48.16, 18.44, 36.57, "Spin_Star_4528327098424824320"],
    [53.82, 25.88, 36.58, "Spin_Star_4596322473734130304"],
    [61.18, 16.33, 36.71, "Spin_Star_2090856943743691776"],
    [53.54, 14.29, 36.75, "Spin_Star_4536048109595893376"],
    [48.16, 18.44, 36.78, "Spin_Star_4528327098432938112"],
    [60.60, 20.76, 36.89, "Spin_Star_4592816852706649984"],
    [55.90, 18.18, 36.93, "Spin_Star_4586468105070182784"],
    [45.21, 24.05, 36.94, "Spin_Star_4555962326761899776"],
    [49.77, 15.60, 37.09, "Spin_Star_4529285391533766400"],
    [47.77, 17.39, 37.29, "Spin_Star_4528028477939967232"],
    [58.23, 25.38, 37.35, "Spin_Star_4603939619710848512"],
    [59.72, 20.03, 37.39, "Spin_Star_4591940546239287168"],
    [52.09, 18.41, 37.64, "Spin_Star_4578913738632417920"],
    [50.08, 30.04, 37.66, "Spin_Star_4574149314228289408"],
    [47.72, 18.41, 37.68, "Spin_Star_4528206014708753024"],
    [58.12, 13.20, 37.69, "Spin_Star_4539214153326813056"],
    [47.37, 18.76, 37.71, "Spin_Star_4528188182003959168"],
    [51.35, 27.37, 38.00, "Spin_Star_4595361092548440192"],
    [61.95, 19.82, 38.04, "Spin_Star_4593283015577840128"],
    [51.77, 17.33, 38.10, "Spin_Star_4578625907104885632"],
    [62.58, 23.13, 38.15, "Spin_Star_4606619816743417600"],
    [45.56, 23.80, 38.30, "Spin_Star_4555992769490485504"],
    [48.50, 14.97, 38.47, "Spin_Star_4528533256860718592"],
    [48.48, 14.98, 38.49, "Spin_Star_4528439381757452928"],
    [51.00, 30.38, 38.56, "Spin_Star_4598266758185956864"],
    [49.66, 25.82, 38.69, "Spin_Star_4581808271710365568"],
    [46.43, 28.22, 38.80, "Spin_Star_4569143065990183936"],
    [47.75, 29.63, 38.83, "Spin_Star_4570301160970651776"],
    [56.88, 15.58, 38.94, "Spin_Star_4586968382861243520"],
    [47.36, 22.24, 39.02, "Spin_Star_4577129334345397504"],
    [51.78, 12.66, 39.10, "Spin_Star_4532193565427141760"],
    [47.53, 20.97, 39.18, "Spin_Star_4576962788388235520"],
    [53.86, 26.04, 39.18, "Spin_Star_4596327150956343680"],
    [55.77, 21.96, 39.18, "Spin_Star_4590356940256629120"],
    [48.89, 12.59, 39.26, "Spin_Star_4525569007873380736"],
    [47.32, 16.31, 39.31, "Spin_Star_4527130932852018176"],
    [62.58, 23.13, 39.35, "Spin_Star_4606619812450250752"],
    [48.64, 25.16, 39.37, "Spin_Star_4581407396644208128"],
    [60.82, 17.53, 39.38, "Spin_Star_4589139574728058880"],
    [62.00, 18.91, 39.46, "Spin_Star_2094478464468478848"],
    [59.51, 22.64, 39.47, "Spin_Star_4603443155851753856"],
    [54.55, 13.12, 39.50, "Spin_Star_4535958842993782144"],
    [53.94, 29.25, 39.51, "Spin_Star_4598974774954601216"],
    [57.54, 16.24, 39.55, "Spin_Star_4587345820285675136"],
    [52.91, 28.72, 39.57, "Spin_Star_4598775557191664384"],
    [51.84, 16.11, 39.66, "Spin_Star_4530336215403591296"],
    [53.85, 18.06, 39.78, "Spin_Star_4585067258532443776"],
    [44.46, 18.14, 39.96, "Spin_Star_4503222086866471424"],
    [58.22, 13.28, 40.00, "Spin_Star_4539227892919675648"],
    [57.08, 26.23, 40.04, "Spin_Star_4598074446730736000"],
    [53.89, 21.32, 40.06, "Spin_Star_4583221144153132288"],
    [46.21, 17.31, 40.10, "Spin_Star_4526676903270140672"],
    [53.88, 21.32, 40.13, "Spin_Star_4583221109793391232"],
    [57.23, 13.81, 40.17, "Spin_Star_4539136259802013952"],
    [49.49, 18.34, 40.17, "Spin_Star_4577952284431971584"],
    [51.85, 18.36, 40.25, "Spin_Star_4578805127500532736"],
    [62.27, 26.76, 40.28, "Spin_Star_4608254515654344448"],
    [44.47, 18.14, 40.35, "Spin_Star_4503222086866471680"],
    [47.75, 19.29, 40.50, "Spin_Star_4576326312901650560"],
    [46.82, 16.53, 40.58, "Spin_Star_4527025001778650624"],
    [49.49, 18.34, 40.60, "Spin_Star_4577952284436867584"],
    [59.59, 17.41, 40.75, "Spin_Star_4588923486333305728"],
    [44.10, 20.20, 40.89, "Spin_Star_4503448861139971968"],
    [52.84, 29.65, 40.92, "Spin_Star_4598830738931385984"],
    [44.75, 24.65, 40.95, "Spin_Star_4555638898538850688"],
    [44.16, 20.20, 40.99, "Spin_Star_4503455733087653504"],
    [52.83, 29.65, 41.10, "Spin_Star_4598830670211908864"],
    [54.87, 12.10, 41.17, "Spin_Star_4534385407498633600"],
    [53.37, 17.95, 41.17, "Spin_Star_4585000119608041856"],
    [48.38, 16.73, 41.23, "Spin_Star_4529502957385274752"],
    [60.46, 25.34, 41.38, "Spin_Star_4604765284223456512"],
    [44.10, 20.20, 41.50, "Spin_Star_4503448861141258880"],
    [52.08, 18.89, 41.63, "Spin_Star_4578887212915595136"],
    [47.29, 18.94, 41.86, "Spin_Star_4528190415387067136"],
    [54.91, 23.76, 41.92, "Spin_Star_4584613194593381888"],
    [56.97, 27.01, 41.92, "Spin_Star_4598033215044819328"],
    [62.76, 20.58, 41.97, "Spin_Star_4593592008404117120"],
    [46.07, 19.32, 42.39, "Spin_Star_4527661103617875456"],
    [48.61, 14.96, 42.59, "Spin_Star_4528534322012779264"],
    [59.37, 18.37, 42.59, "Spin_Star_4591606775741244032"],
    [51.65, 20.40, 42.61, "Spin_Star_4579505894363065984"],
    [58.53, 22.56, 42.72, "Spin_Star_4603286475444441216"],
    [56.21, 20.27, 42.81, "Spin_Star_4589819416510147200"],
    [50.64, 26.39, 43.04, "Spin_Star_4593947154958666624"],
    [50.32, 12.75, 43.05, "Spin_Star_4525825468960700928"],
    [63.97, 22.60, 43.09, "Spin_Star_4606044703442132352"],
    [47.38, 27.03, 43.10, "Spin_Star_4569510405952604160"],
    [51.03, 15.46, 43.21, "Spin_Star_4529457014121372160"],
    [57.04, 30.54, 43.33, "Spin_Star_4601901979848799872"],
    [55.14, 19.97, 43.39, "Spin_Star_4589312919607510144"],
    [51.03, 15.45, 43.40, "Spin_Star_4529456640466749056"],
    [49.53, 13.13, 43.50, "Spin_Star_4525686548230257280"],
    [53.55, 20.51, 43.51, "Spin_Star_4583128063621225984"],
    [43.51, 25.00, 43.67, "Spin_Star_4555422981937684864"],
    [55.81, 19.24, 43.82, "Spin_Star_4586708863756382336"],
    [51.85, 29.58, 43.95, "Spin_Star_4598347056894346752"],
    [43.51, 25.00, 44.05, "Spin_Star_4555422981940923520"],
    [55.75, 31.08, 44.09, "Spin_Star_4600321401820352256"],
    [59.76, 21.72, 44.22, "Spin_Star_4592910105037219072"],
    [52.90, 22.58, 44.26, "Spin_Star_4582970416842246656"],
    [50.37, 20.22, 44.35, "Spin_Star_4579095879606863360"],
    [59.75, 21.73, 44.37, "Spin_Star_4592910074976281472"],
    [60.46, 18.55, 44.51, "Spin_Star_4592098394878310272"],
    [48.09, 17.32, 44.51, "Spin_Star_4528060191980654720"],
    [58.09, 21.74, 44.53, "Spin_Star_4591185078671044096"],
    [58.65, 17.02, 44.56, "Spin_Star_4588248145676290048"],
    [61.72, 18.24, 44.59, "Spin_Star_2094249594249434752"],
    [60.41, 25.50, 44.61, "Spin_Star_4604763050840502656"],
    [53.36, 29.16, 44.80, "Spin_Star_4598853961817753472"],
    [49.29, 15.68, 44.92, "Spin_Star_4528850294159094272"],
    [57.28, 30.77, 44.95, "Spin_Star_4601968126641385856"],
    [54.64, 22.03, 45.22, "Spin_Star_4583529557164354816"],
    [49.34, 18.82, 45.25, "Spin_Star_4577993069446858624"],
    [53.19, 15.98, 45.28, "Spin_Star_4536693557279212672"],
    [50.45, 12.36, 45.31, "Spin_Star_4525813198237220224"],
    [48.80, 18.42, 45.31, "Spin_Star_4576407986001233152"],
    [57.27, 19.85, 45.34, "Spin_Star_4589962524820866048"],
    [54.33, 13.42, 45.35, "Spin_Star_4536122356687437568"],
    [57.61, 26.09, 45.53, "Spin_Star_4604092176949149568"],
    [55.85, 23.97, 45.54, "Spin_Star_4596693357047980928"],
    [47.40, 28.28, 45.54, "Spin_Star_4569767107557546496"],
    [56.21, 21.37, 45.64, "Spin_Star_4589694621940535936"],
    [59.06, 21.07, 45.66, "Spin_Star_4592623171160970112"],
    [57.57, 18.54, 45.68, "Spin_Star_4588396476666079616"],
    [45.18, 22.22, 45.73, "Spin_Star_4552644997094484352"],
    [48.58, 18.85, 45.74, "Spin_Star_4576418328280987392"],
    [58.79, 28.79, 45.82, "Spin_Star_4602287912726582528"],
    [57.70, 18.78, 45.95, "Spin_Star_4588414893481093376"],
    [44.95, 18.31, 45.98, "Spin_Star_4527274350399943552"],
    [59.45, 22.17, 46.02, "Spin_Star_4591418759251878144"],
    [56.21, 21.37, 46.14, "Spin_Star_4589694617641462272"],
    [57.98, 28.23, 46.19, "Spin_Star_4601482932776369280"],
    [57.13, 22.25, 46.25, "Spin_Star_4590765404529555072"],
    [48.88, 18.40, 46.27, "Spin_Star_4577910155094613760"],
    [57.63, 18.15, 46.51, "Spin_Star_4588339302061623680"],
    [57.83, 30.15, 46.62, "Spin_Star_4602034956332491264"],
    [56.29, 13.28, 46.62, "Spin_Star_4537883400661239040"],
    [47.88, 18.43, 46.63, "Spin_Star_4528304730243095296"],
    [48.87, 23.24, 46.64, "Spin_Star_4580440513608024576"],
    [50.11, 17.85, 46.66, "Spin_Star_4578060929926701824"],
    [47.37, 25.43, 46.69, "Spin_Star_4557279335526790528"],
    [53.95, 15.11, 46.81, "Spin_Star_4536898478760208128"],
    [47.43, 24.49, 46.86, "Spin_Star_4580513906002383104"],
    [57.29, 27.58, 46.88, "Spin_Star_4601107964951856384"],
    [51.72, 25.57, 46.99, "Spin_Star_4594406647739384448"],
    [47.43, 24.49, 47.02, "Spin_Star_4580513906007801472"],
    [62.48, 20.72, 47.05, "Spin_Star_4593612250589289216"],
    [53.23, 17.13, 47.08, "Spin_Star_4584725928896486400"],
    [47.46, 17.26, 47.15, "Spin_Star_4527966699129134336"],
    [44.25, 21.40, 47.30, "Spin_Star_4551747623809780736"],
    [53.50, 11.92, 47.31, "Spin_Star_4532752181753014784"],
    [42.85, 21.58, 47.84, "Spin_Star_4551022564608448768"],
    [56.50, 16.44, 47.85, "Spin_Star_4587012363325990784"],
    [63.22, 20.31, 47.85, "Spin_Star_2095608796780285184"],
    [57.04, 18.17, 47.91, "Spin_Star_4586632207181046912"],
    [57.14, 14.30, 47.96, "Spin_Star_4538962841901552384"],
    [61.04, 15.36, 47.99, "Spin_Star_2090020906892114176"],
    [57.11, 26.65, 48.01, "Spin_Star_4598115231740036352"],
    [56.54, 22.88, 48.12, "Spin_Star_4590693700052296576"],
    [53.91, 22.52, 48.20, "Spin_Star_4584151571507552128"],
    [51.58, 11.96, 48.23, "Spin_Star_4531962186952439808"],
    [59.60, 23.60, 48.36, "Spin_Star_4603689893129291648"],
    [55.03, 16.42, 48.37, "Spin_Star_4585293689213820032"],
    [56.16, 17.92, 48.38, "Spin_Star_4586518235922542848"],
    [47.03, 18.72, 48.47, "Spin_Star_4528164920461108480"],
    [59.60, 23.60, 48.47, "Spin_Star_4603689893132213760"],
    [50.29, 26.31, 48.54, "Spin_Star_4593921041557452416"],
    [61.04, 15.36, 48.65, "Spin_Star_2090020902595370240"],
    [62.17, 23.90, 48.68, "Spin_Star_4606275532163797888"],
    [47.04, 18.72, 48.72, "Spin_Star_4528164989180446336"],
    [53.40, 14.49, 48.81, "Spin_Star_4536058623672558336"],
    [47.20, 21.89, 48.81, "Spin_Star_4576922351280904448"],
    [58.05, 21.75, 48.93, "Spin_Star_4591184666354179584"],
    [45.29, 19.44, 48.97, "Spin_Star_4527602176665408640"],
    [58.95, 23.02, 49.03, "Spin_Star_4603363406898854656"],
    [62.58, 19.62, 49.11, "Spin_Star_2095322511440956160"],
    [49.90, 18.64, 49.11, "Spin_Star_4578031174397285504"],
    [50.23, 29.40, 49.17, "Spin_Star_4595150639153952000"],
    [62.95, 18.17, 49.33, "Spin_Star_2094417201055722624"],
    [51.44, 17.09, 49.35, "Spin_Star_4530568487233001472"],
    [43.64, 22.99, 49.42, "Spin_Star_4552227182675443584"],
    [58.59, 27.93, 49.43, "Spin_Star_4601473552567941120"],
    [43.50, 21.96, 49.65, "Spin_Star_4551343656359765120"],
    [50.84, 17.24, 49.66, "Spin_Star_4530425825605428864"],
    [52.20, 24.18, 49.73, "Spin_Star_4583837076821982336"],
    [46.40, 19.05, 49.86, "Spin_Star_4527752672319674240"],
    [63.18, 18.21, 49.86, "Spin_Star_2094608997113808512"],
    [47.93, 19.41, 49.87, "Spin_Star_4576334009483209472"],
    [49.83, 26.57, 49.88, "Spin_Star_4593886544379827584"],
    [47.74, 16.57, 49.89, "Spin_Star_4527228170908297344"],
    [61.04, 18.72, 49.98, "Spin_Star_4592219890913084288"],
    [55.59, 18.55, 50.00, "Spin_Star_4586451303158335616"],
    [46.82, 22.87, 50.15, "Spin_Star_4577143284399555584"],
    [46.90, 21.40, 50.20, "Spin_Star_4576847000373649920"],
    [61.29, 15.43, 50.21, "Spin_Star_2090166351663597696"],
    [47.74, 16.57, 50.23, "Spin_Star_4527228170911895680"],
    [57.20, 17.91, 50.24, "Spin_Star_4588130802869152256"],
    [46.90, 21.40, 50.26, "Spin_Star_4576847000373649280"],
    [57.35, 22.48, 50.28, "Spin_Star_4590785681071981696"],
    [55.34, 12.13, 50.36, "Spin_Star_4537427275134108928"],
    [53.96, 15.89, 50.36, "Spin_Star_4536790176861628544"],
    [60.58, 17.84, 50.45, "Spin_Star_4589125624674392064"],
    [53.81, 24.34, 50.47, "Spin_Star_4584098657510407296"],
    [62.48, 26.82, 50.63, "Spin_Star_4608292105208172928"],
    [56.01, 13.17, 50.70, "Spin_Star_4537822721359446016"],
    [45.31, 25.45, 50.70, "Spin_Star_4555926042877581184"],
    [51.49, 12.61, 50.73, "Spin_Star_4532078872620612992"],
    [46.16, 20.91, 50.82, "Spin_Star_4575973197860470272"],
    [45.67, 28.26, 50.84, "Spin_Star_4569011399472975488"],
    [54.71, 27.51, 50.85, "Spin_Star_4597445384342949248"],
    [54.98, 15.16, 50.93, "Spin_Star_4537249119889766656"],
    [56.28, 18.20, 51.04, "Spin_Star_4586570875047646080"],
    [60.19, 22.27, 51.11, "Spin_Star_4604960997293824384"],
    [58.13, 18.53, 51.12, "Spin_Star_4588437296035965440"],
    [44.78, 20.79, 51.12, "Spin_Star_4551681584392398592"],
    [48.52, 19.21, 51.25, "Spin_Star_4576446537626664192"],
    [57.85, 22.49, 51.35, "Spin_Star_4591222805664160000"],
    [46.17, 19.51, 51.38, "Spin_Star_4575705191904398592"],
    [54.62, 30.31, 51.40, "Spin_Star_4600023021852315776"],
    [50.86, 24.24, 51.42, "Spin_Star_4582069268282976640"],
    [44.41, 22.69, 51.44, "Spin_Star_4552646852520487040"],
    [52.96, 17.07, 51.45, "Spin_Star_4584718301034418560"],
    [46.64, 25.53, 51.53, "Spin_Star_4557142240172085248"],
    [48.52, 19.21, 51.54, "Spin_Star_4576446537626664704"],
    [47.71, 28.83, 51.61, "Spin_Star_4569842870780713728"],
    [53.44, 16.90, 51.62, "Spin_Star_4584823991590776704"],
    [56.28, 18.53, 51.65, "Spin_Star_4586681857002129536"],
    [53.44, 16.90, 51.69, "Spin_Star_4584823991592186880"],
    [53.66, 19.02, 51.73, "Spin_Star_4585870726659505536"],
    [54.44, 16.67, 51.83, "Spin_Star_4585251323653964800"],
    [42.99, 20.61, 51.90, "Spin_Star_4503020532641430016"],
    [53.14, 29.59, 52.04, "Spin_Star_4598841046852990336"],
    [46.94, 19.54, 52.06, "Spin_Star_4575858264538245504"],
    [46.65, 21.89, 52.10, "Spin_Star_4576869540362433920"],
    [48.36, 26.06, 52.18, "Spin_Star_4581640767987148544"],
    [59.95, 28.84, 52.28, "Spin_Star_4608404117955053568"],
    [56.05, 30.98, 52.33, "Spin_Star_4600400738456255104"],
    [53.69, 11.87, 52.33, "Spin_Star_4532759642116901376"],
    [56.09, 16.81, 52.34, "Spin_Star_4585691227084576896"],
    [56.09, 16.81, 52.35, "Spin_Star_4585691231381211008"],
    [55.42, 28.53, 52.37, "Spin_Star_4600560202002615296"],
    [59.20, 17.58, 52.40, "Spin_Star_4588890226106545024"],
    [58.03, 18.03, 52.45, "Spin_Star_4588372905885947008"],
    [52.99, 22.15, 52.47, "Spin_Star_4583282785524388736"],
    [47.10, 29.92, 52.47, "Spin_Star_4570259104651129600"],
    [49.09, 25.33, 52.58, "Spin_Star_4581712304957075328"],
    [47.44, 24.89, 52.63, "Spin_Star_4556514419033485696"],
    [48.15, 22.00, 52.64, "Spin_Star_4577271858536983808"],
    [62.94, 18.81, 52.78, "Spin_Star_2094576561521228032"],
    [58.33, 16.44, 52.80, "Spin_Star_4587459486601533824"],
    [50.58, 19.13, 52.83, "Spin_Star_4578363982818856704"],
    [57.83, 12.93, 52.87, "Spin_Star_4538450954819424384"],
    [49.09, 26.35, 52.89, "Spin_Star_4593710412064245632"],
    [58.07, 29.04, 52.97, "Spin_Star_4602173700956818176"],
    [49.46, 21.15, 52.98, "Spin_Star_4577779661103602944"],
    [57.70, 21.23, 53.05, "Spin_Star_4590920336886970240"],
    [60.98, 23.36, 53.09, "Spin_Star_4605323423814097920"],
    [56.53, 14.66, 53.31, "Spin_Star_4538835577729136512"],
    [46.04, 18.99, 53.37, "Spin_Star_4527736282724333056"],
    [61.23, 17.87, 53.40, "Spin_Star_4592169656975696896"],
    [58.14, 18.53, 53.42, "Spin_Star_4588437296035964032"],
    [48.36, 23.69, 53.47, "Spin_Star_4580596296361381888"],
    [50.43, 27.72, 53.51, "Spin_Star_4594938944508158976"],
    [55.25, 30.77, 53.55, "Spin_Star_4600107443729969792"],
    [47.82, 28.69, 53.64, "Spin_Star_4569849605289270016"],
    [54.05, 17.62, 53.65, "Spin_Star_4585113438025538176"],
    [57.01, 25.97, 53.65, "Spin_Star_4597881345001576320"],
    [52.03, 29.09, 53.70, "Spin_Star_4598353963201832320"],
    [50.37, 28.81, 53.72, "Spin_Star_4595091025008031488"],
    [58.64, 14.66, 53.84, "Spin_Star_4539580359417868288"],
    [54.95, 28.24, 53.87, "Spin_Star_4600481758718476416"],
    [46.10, 28.99, 53.90, "Spin_Star_4569250680689765120"],
    [44.65, 15.96, 54.05, "Spin_Star_4523158362982541312"],
    [61.48, 19.18, 54.17, "Spin_Star_4592487450194935936"],
    [58.71, 21.05, 54.19, "Spin_Star_4591112751422244864"],
    [56.60, 13.56, 54.19, "Spin_Star_4538678927380404480"],
    [51.80, 11.87, 54.20, "Spin_Star_4531970983048811392"],
    [60.97, 19.66, 54.22, "Spin_Star_4592394129145758336"],
    [47.76, 16.84, 54.31, "Spin_Star_4527983226157584640"],
    [46.15, 26.32, 54.35, "Spin_Star_4557169762321935872"],
    [57.80, 13.21, 54.36, "Spin_Star_4539111623868240128"],
    [57.26, 20.12, 54.40, "Spin_Star_4590154011642247680"],
    [54.95, 28.24, 54.47, "Spin_Star_4600481720062836352"],
    [49.93, 19.19, 54.49, "Spin_Star_4578246094554105472"],
    [51.77, 17.56, 54.51, "Spin_Star_4578633912924088576"],
    [48.01, 15.19, 54.55, "Spin_Star_4528404339116782208"],
    [58.74, 28.36, 54.57, "Spin_Star_4601541241252690816"],
    [51.92, 27.02, 54.58, "Spin_Star_4594646787950840576"],
    [51.04, 30.58, 54.58, "Spin_Star_4598457970129646976"],
    [58.53, 15.19, 54.67, "Spin_Star_4587538990737533824"],
    [48.04, 17.39, 54.67, "Spin_Star_4528059058107894784"],
    [61.61, 23.16, 54.73, "Spin_Star_4605431382111770112"],
    [54.97, 28.33, 54.75, "Spin_Star_4600485435211759616"],
    [56.46, 23.56, 54.90, "Spin_Star_4602719844700482688"],
    [54.52, 24.75, 54.90, "Spin_Star_4596564611107874944"],
    [52.79, 23.61, 54.98, "Spin_Star_4583777393956492160"],
    [48.04, 17.39, 55.03, "Spin_Star_4528059053806766336"],
    [48.36, 26.06, 55.03, "Spin_Star_4581640767985852928"],
    [53.16, 18.78, 55.04, "Spin_Star_4579789362205198976"],
    [53.33, 29.76, 55.07, "Spin_Star_4599036137150118656"],
    [58.76, 14.13, 55.10, "Spin_Star_4539520740973376384"],
    [50.13, 24.19, 55.15, "Spin_Star_4581904616417646848"],
    [48.34, 26.06, 55.23, "Spin_Star_4581592355114491520"],
    [53.17, 23.77, 55.24, "Spin_Star_4584000629174012928"],
    [48.92, 18.56, 55.24, "Spin_Star_4576413655356340352"],
    [43.59, 17.70, 55.31, "Spin_Star_4502340897015202688"],
    [54.57, 13.98, 55.51, "Spin_Star_4536209011950781056"],
    [52.91, 16.71, 55.54, "Spin_Star_4536660812450387200"],
    [57.51, 14.93, 55.56, "Spin_Star_4539057576001089408"],
    [46.59, 16.10, 55.60, "Spin_Star_4526807573354902144"],
    [47.14, 29.59, 55.64, "Spin_Star_4570201380290320384"],
    [45.61, 20.59, 55.65, "Spin_Star_4575749928282962304"],
    [45.58, 14.81, 55.66, "Spin_Star_4523588134589638016"],
    [53.33, 12.15, 55.72, "Spin_Star_4532660067589595520"],
    [50.26, 27.23, 55.75, "Spin_Star_4594119709561106048"],
    [51.28, 18.94, 55.78, "Spin_Star_4578825502824772224"],
    [46.04, 21.39, 55.80, "Spin_Star_4576032021734642176"],
    [57.37, 19.23, 55.81, "Spin_Star_4589912359603418496"],
    [56.13, 15.83, 55.88, "Spin_Star_4586922650043086976"],
    [52.07, 12.65, 55.93, "Spin_Star_4532203873348921856"],
    [52.82, 19.76, 55.97, "Spin_Star_4579834751419538432"],
    [48.41, 17.51, 55.98, "Spin_Star_4528087301807366144"],
    [55.69, 24.49, 56.02, "Spin_Star_4596728850657611392"],
    [52.29, 23.97, 56.06, "Spin_Star_4583857486506877312"],
    [53.84, 27.26, 56.11, "Spin_Star_4597144912728977152"],
    [49.27, 17.07, 56.17, "Spin_Star_4529634417760144896"],
    [59.05, 27.05, 56.27, "Spin_Star_4607307836140754048"],
    [46.28, 20.94, 56.28, "Spin_Star_4576044597395174144"],
    [59.05, 27.05, 56.33, "Spin_Star_4607307836143102208"],
    [47.27, 15.34, 56.40, "Spin_Star_4526877598501489664"],
    [55.02, 26.52, 56.40, "Spin_Star_4597302486488831744"],
    [61.28, 17.74, 56.41, "Spin_Star_4589167990232262400"],
    [59.59, 20.06, 56.48, "Spin_Star_4591933846090291584"],
    [45.99, 25.09, 56.49, "Spin_Star_4556318602884899584"],
    [51.23, 27.87, 56.51, "Spin_Star_4594999559384318592"],
    [59.59, 20.06, 56.64, "Spin_Star_4591933846086195200"],
    [56.74, 14.23, 56.64, "Spin_Star_4538742565918699648"],
    [47.20, 24.97, 56.66, "Spin_Star_4556505554220974592"],
    [56.15, 12.26, 56.68, "Spin_Star_4537625496466645888"],
    [58.77, 24.00, 56.68, "Spin_Star_4603603512748726400"],
    [42.59, 21.49, 56.71, "Spin_Star_4551003078339886080"],
    [47.19, 24.96, 56.73, "Spin_Star_4556504798306727168"],
    [53.67, 19.45, 56.83, "Spin_Star_4586072487042101120"],
    [59.68, 25.11, 56.86, "Spin_Star_4604658975192730240"],
    [49.36, 19.48, 56.87, "Spin_Star_4578209398357751808"],
    [59.24, 27.98, 56.88, "Spin_Star_4607554504704517248"],
    [49.21, 18.50, 56.89, "Spin_Star_4577935860481112448"],
    [55.95, 16.05, 56.91, "Spin_Star_4585434701579609984"],
    [54.36, 18.08, 57.16, "Spin_Star_4585189991523446016"],
    [63.96, 21.76, 57.20, "Spin_Star_2107967612414612096"],
    [51.86, 30.91, 57.29, "Spin_Star_4598568230530318592"],
    [47.45, 14.16, 57.29, "Spin_Star_4525287562952286720"],
    [49.59, 28.23, 57.32, "Spin_Star_4594802918601826944"],
    [50.35, 15.59, 57.40, "Spin_Star_4529337927572733184"],
    [60.57, 18.34, 57.49, "Spin_Star_4592145502079907328"],
    [60.01, 19.55, 57.53, "Spin_Star_4591909794273900032"],
    [59.40, 28.82, 57.60, "Spin_Star_4602376526492066944"],
    [58.27, 16.65, 57.66, "Spin_Star_4587465671354684928"],
    [51.85, 14.46, 57.67, "Spin_Star_4535447329570405632"],
    [60.33, 19.53, 57.78, "Spin_Star_4592336920180963584"],
    [60.34, 19.52, 57.78, "Spin_Star_4592337023260179072"],
    [50.11, 20.48, 57.83, "Spin_Star_4579118728832242688"],
    [47.99, 14.20, 57.85, "Spin_Star_4525340476948579712"],
    [48.93, 21.48, 57.93, "Spin_Star_4577676272656002304"],
    [52.42, 31.29, 57.95, "Spin_Star_4599363864631577728"],
    [62.69, 20.89, 58.03, "Spin_Star_4593630426891011200"],
    [53.49, 23.91, 58.04, "Spin_Star_4584021141940570368"],
    [48.77, 15.07, 58.08, "Spin_Star_4528588129364378880"],
    [43.67, 20.11, 58.13, "Spin_Star_4503402475492730112"],
    [48.80, 27.00, 58.23, "Spin_Star_4593743985825346048"],
    [51.68, 21.02, 58.24, "Spin_Star_4579581412767951872"],
    [50.32, 12.81, 58.28, "Spin_Star_4525825056642632960"],
    [58.31, 13.83, 58.28, "Spin_Star_4539299502917419776"],
    [54.21, 20.50, 58.28, "Spin_Star_4589186372691243904"],
    [58.15, 23.09, 58.36, "Spin_Star_4603266959109590272"],
    [56.58, 20.58, 58.38, "Spin_Star_4590032820548187520"],
    [60.70, 14.66, 58.46, "Spin_Star_2089788669419017728"],
    [58.14, 16.58, 58.51, "Spin_Star_4587451790017889664"],
    [51.86, 30.90, 58.51, "Spin_Star_4598568161810840320"],
    [60.71, 26.54, 58.65, "Spin_Star_4607846734279758208"],
    [46.07, 25.76, 58.71, "Spin_Star_4557100390011661056"],
    [54.62, 27.10, 58.74, "Spin_Star_4597378833827553152"],
    [63.16, 25.32, 58.79, "Spin_Star_4609645771525022976"],
    [56.83, 30.68, 58.88, "Spin_Star_4601940394036184192"],
    [58.43, 17.12, 58.88, "Spin_Star_4588242373240075392"],
    [60.70, 28.32, 58.89, "Spin_Star_4608525682709350144"],
    [49.32, 19.57, 58.93, "Spin_Star_4576711416845260544"],
    [51.40, 13.54, 58.98, "Spin_Star_4535140394023869184"],
    [46.79, 15.23, 58.99, "Spin_Star_4526824272181810048"],
    [48.81, 17.07, 59.01, "Spin_Star_4529582912511688832"],
    [60.60, 24.59, 59.07, "Spin_Star_4604608913054407552"],
    [59.05, 13.68, 59.07, "Spin_Star_4539532461939187200"],
    [50.11, 20.48, 59.12, "Spin_Star_4579118728832240000"],
    [49.17, 15.35, 59.20, "Spin_Star_4528828235214688896"],
    [58.77, 24.00, 59.27, "Spin_Star_4603603512750563456"],
    [54.95, 16.94, 59.38, "Spin_Star_4585331656720286336"],
    [54.18, 29.05, 59.39, "Spin_Star_4598979924619296384"],
    [50.48, 28.43, 59.40, "Spin_Star_4594917675831940864"],
    [53.44, 29.71, 59.43, "Spin_Star_4599036858705082240"],
    [55.90, 13.16, 59.43, "Spin_Star_4537820934658275328"],
    [49.17, 22.87, 59.51, "Spin_Star_4580808300245993856"],
    [56.59, 20.58, 59.57, "Spin_Star_4590032824845004800"],
    [55.91, 14.92, 59.62, "Spin_Star_4538798709729525504"],
    [56.80, 20.68, 59.65, "Spin_Star_4590045056912606720"],
    [56.20, 29.59, 59.71, "Spin_Star_4601602466009593344"],
    [53.63, 11.73, 59.90, "Spin_Star_4532743213861815680"],
    [51.21, 17.82, 59.93, "Spin_Star_4578529218800782336"],
    [61.18, 17.34, 59.95, "Spin_Star_2091148937101936512"],
    [49.38, 17.47, 59.97, "Spin_Star_4529841778776406144"],
    [63.44, 23.08, 60.00, "Spin_Star_4606681389391889280"],
    [46.73, 20.92, 60.00, "Spin_Star_4576061364951709568"],
    [54.75, 31.22, 60.05, "Spin_Star_4600187227042097408"],
    [47.59, 24.91, 60.10, "Spin_Star_4581287068839947520"],
    [61.04, 26.65, 60.16, "Spin_Star_4608042928385291520"],
    [53.23, 17.53, 60.20, "Spin_Star_4584792140112640000"],
    [52.76, 21.61, 60.25, "Spin_Star_4583067590481959168"],
    [58.28, 20.56, 60.28, "Spin_Star_4590286571513483264"],
    [46.18, 16.85, 60.29, "Spin_Star_4526984354210479232"],
    [54.45, 14.30, 60.32, "Spin_Star_4536955481565831680"],
    [58.47, 24.76, 60.38, "Spin_Star_4603986589470025344"],
    [48.34, 22.10, 60.40, "Spin_Star_4577322779669036800"],
    [48.34, 22.09, 60.41, "Spin_Star_4577322779669036160"],
    [47.67, 17.44, 60.41, "Spin_Star_4528021880869957120"],
    [51.61, 14.38, 60.43, "Spin_Star_4535416371449641728"],
    [60.20, 14.41, 60.48, "Spin_Star_2089712322081756032"],
    [57.85, 26.13, 60.48, "Spin_Star_4604110971725623296"],
    [48.20, 25.61, 60.61, "Spin_Star_4581383310467331584"],
    [51.05, 12.97, 60.66, "Spin_Star_4532059837316138240"],
    [49.07, 16.87, 60.69, "Spin_Star_4529611637253418752"],
    [58.48, 24.76, 60.69, "Spin_Star_4603986658192566144"],
    [60.25, 15.05, 60.70, "Spin_Star_2089770561838880256"],
    [51.73, 17.37, 60.71, "Spin_Star_4578619928510422272"],
    [56.18, 30.83, 60.77, "Spin_Star_4600355482384226688"],
    [49.25, 13.67, 60.78, "Spin_Star_4525861409243994240"],
    [43.96, 19.34, 60.84, "Spin_Star_4503364469324531584"],
    [63.44, 23.08, 60.85, "Spin_Star_4606681385095255808"],
    [54.40, 21.57, 60.85, "Spin_Star_4583458982261434880"],
    [48.23, 15.09, 60.89, "Spin_Star_4528430521232538752"],
    [47.69, 16.14, 60.96, "Spin_Star_4527164742835034240"],
    [46.96, 14.00, 60.97, "Spin_Star_4523577483072886144"],
    [55.62, 29.47, 61.01, "Spin_Star_4600807351600251520"],
    [56.39, 22.37, 61.12, "Spin_Star_4590716824155970944"],
    [59.44, 22.10, 61.13, "Spin_Star_4591414842241677568"],
    [61.25, 21.95, 61.18, "Spin_Star_4605126164556280576"],
    [58.36, 24.53, 61.21, "Spin_Star_4603230434711065600"],
    [50.42, 22.03, 61.22, "Spin_Star_4580929414023383296"],
    [55.30, 24.69, 61.34, "Spin_Star_4596626007664098688"],
    [46.85, 15.92, 61.37, "Spin_Star_4526897561508625920"],
    [61.91, 20.34, 61.45, "Spin_Star_4593342801521674624"],
    [52.35, 22.13, 61.46, "Spin_Star_4582876202440281856"],
    [61.08, 19.48, 61.50, "Spin_Star_4592385126894401664"],
    [53.57, 27.80, 61.53, "Spin_Star_4595839586267824640"],
    [51.30, 15.07, 61.61, "Spin_Star_4529467532504689536"],
    [50.63, 26.85, 61.64, "Spin_Star_4594137473549128320"],
    [47.73, 22.80, 61.66, "Spin_Star_4580302112574940160"],
    [60.40, 26.14, 61.76, "Spin_Star_4607773341878418304"],
    [58.74, 13.78, 61.78, "Spin_Star_4539522974352991232"],
    [45.16, 27.04, 61.81, "Spin_Star_4556847742850245760"],
    [56.24, 25.46, 61.88, "Spin_Star_4597762975702536704"],
    [54.16, 14.97, 61.89, "Spin_Star_4536924179845281536"],
    [50.89, 26.51, 61.91, "Spin_Star_4594329097811194496"],
    [60.63, 29.12, 61.92, "Spin_Star_4608648415694601472"],
    [53.99, 17.62, 62.03, "Spin_Star_4585107214614583936"],
    [44.70, 24.92, 62.04, "Spin_Star_4555632164030263296"],
    [49.26, 15.23, 62.07, "Spin_Star_4528829162927133056"],
    [58.39, 22.17, 62.12, "Spin_Star_4591255825372520960"],
    [58.37, 14.66, 62.16, "Spin_Star_4539479273069157120"],
    [62.63, 26.57, 62.20, "Spin_Star_4608286573290240896"],
    [48.72, 21.54, 62.22, "Spin_Star_4577667339120071168"],
    [62.64, 26.57, 62.24, "Spin_Star_4608286573290241152"],
    [51.53, 13.95, 62.26, "Spin_Star_4535207601677577856"],
    [57.23, 18.54, 62.29, "Spin_Star_4586842312680969728"],
    [53.99, 17.61, 62.30, "Spin_Star_4585107150194133248"],
    [61.71, 24.02, 62.32, "Spin_Star_4606169601090642176"],
    [57.18, 22.89, 62.33, "Spin_Star_4590840484854806528"],
    [54.23, 19.36, 62.37, "Spin_Star_4586113718727469440"],
    [59.26, 15.36, 62.42, "Spin_Star_4587718181072610944"],
    [48.03, 13.15, 62.46, "Spin_Star_4525157584354026112"],
    [63.08, 23.92, 62.52, "Spin_Star_4606525396178706176"],
    [61.46, 27.97, 62.53, "Spin_Star_4608570247290179200"],
    [45.93, 16.81, 62.54, "Spin_Star_4526601517998548608"],
    [61.46, 27.97, 62.54, "Spin_Star_4608570247290179328"],
    [47.91, 20.09, 62.60, "Spin_Star_4576531818496597120"],
    [57.87, 30.68, 62.64, "Spin_Star_4602078142228059648"],
    [50.68, 24.49, 62.66, "Spin_Star_4581988797776555904"],
    [43.38, 24.28, 62.69, "Spin_Star_4552381835858236544"],
    [58.34, 18.28, 62.71, "Spin_Star_4588441213046973568"],
    [55.60, 15.28, 62.72, "Spin_Star_4537303786233033728"],
    [56.49, 23.80, 62.73, "Spin_Star_4602760221691524224"],
    [60.23, 28.45, 62.74, "Spin_Star_4608420782428229376"],
    [60.23, 28.45, 62.75, "Spin_Star_4608420782428229760"],
    [54.06, 16.89, 62.75, "Spin_Star_4584913258190619392"],
    [47.64, 29.68, 62.84, "Spin_Star_4570294800120873472"],
    [55.90, 13.16, 62.86, "Spin_Star_4537820934647828608"],
    [47.28, 21.58, 62.88, "Spin_Star_4576997977068528256"],
    [49.55, 30.40, 62.99, "Spin_Star_4574032765995786496"],
    [50.25, 25.16, 63.01, "Spin_Star_4582156060981644544"],
    [52.71, 27.52, 63.08, "Spin_Star_4595579547471953792"],
    [51.44, 24.31, 63.09, "Spin_Star_4582309923890618368"],
    [60.21, 22.00, 63.12, "Spin_Star_4604968418998606208"],
    [50.54, 20.59, 63.14, "Spin_Star_4579165148836454016"],
    [56.60, 16.74, 63.21, "Spin_Star_4587217181725925632"],
    [50.79, 30.66, 63.21, "Spin_Star_4574435393409730176"],
    [44.67, 26.33, 63.21, "Spin_Star_4556572624430583168"],
    [53.31, 19.57, 63.24, "Spin_Star_4579870382468240640"],
    [63.83, 23.15, 63.27, "Spin_Star_4606830785536074368"],
    [56.09, 22.93, 63.31, "Spin_Star_4590633879747726336"],
    [54.17, 18.29, 63.37, "Spin_Star_4585931818272929536"],
    [51.89, 13.73, 63.39, "Spin_Star_4535239865473151104"],
    [53.89, 25.98, 63.49, "Spin_Star_4596326876078433664"],
    [49.98, 24.87, 63.50, "Spin_Star_4581945641944714368"],
    [55.44, 13.25, 63.52, "Spin_Star_4537712186083931008"],
    [54.09, 19.03, 63.53, "Spin_Star_4585904089964350336"],
    [60.89, 15.70, 63.62, "Spin_Star_2090065437112730624"],
    [48.62, 14.45, 63.62, "Spin_Star_4525517021587225856"],
    [54.21, 31.45, 63.62, "Spin_Star_4600151492914100096"],
    [50.72, 25.74, 63.64, "Spin_Star_4594248558583457536"],
    [60.11, 25.64, 63.64, "Spin_Star_4604746626883296000"],
    [43.42, 18.69, 63.65, "Spin_Star_4503078463160049280"],
    [53.29, 24.40, 63.66, "Spin_Star_4584059040731867904"],
    [51.89, 13.73, 63.66, "Spin_Star_4535239865473151232"],
    [53.94, 22.83, 63.70, "Spin_Star_4584209467666449664"],
    [50.01, 28.97, 63.72, "Spin_Star_4595080682726607744"],
    [52.27, 21.53, 63.72, "Spin_Star_4582668600902538368"],
    [55.44, 13.25, 63.73, "Spin_Star_4537712181782060160"],
    [48.60, 12.99, 63.73, "Spin_Star_4525200465309256192"],
    [49.24, 22.17, 63.77, "Spin_Star_4577759457583080704"],
    [59.09, 22.04, 63.80, "Spin_Star_4591391713839115008"],
    [50.47, 28.06, 63.86, "Spin_Star_4594863254302641920"],
    [52.53, 20.60, 63.86, "Spin_Star_4579990675911464704"],
    [52.54, 20.60, 63.89, "Spin_Star_4579990675911466624"],
    [55.36, 12.16, 63.91, "Spin_Star_4537427584372056192"],
    [45.89, 24.47, 63.93, "Spin_Star_4556084028956879104"],
    [43.73, 23.82, 63.97, "Spin_Star_4552363522117994880"],
    [53.06, 28.97, 64.00, "Spin_Star_4598792771420645376"],
    [49.35, 21.69, 64.00, "Spin_Star_4577839172175654272"],
    [53.47, 24.72, 64.06, "Spin_Star_4596078936205750400"],
    [43.73, 23.83, 64.06, "Spin_Star_4552363522117994624"],
    [50.21, 25.09, 64.17, "Spin_Star_4582152006532497024"],
    [60.25, 29.33, 64.21, "Spin_Star_4608661060078215424"],
    [53.47, 24.72, 64.22, "Spin_Star_4596078931909890944"],
    [53.57, 13.83, 64.26, "Spin_Star_4535986674382296704"],
    [60.94, 24.04, 64.27, "Spin_Star_4606078960100523776"],
    [46.44, 27.73, 64.34, "Spin_Star_4569099119884484224"],
    [49.53, 16.79, 64.40, "Spin_Star_4529721279172870784"],
    [62.52, 21.15, 64.40, "Spin_Star_4593626956557521152"],
    [52.50, 13.79, 64.42, "Spin_Star_4535365037998562176"],
    [57.08, 13.62, 64.47, "Spin_Star_4538708000021241856"],
    [52.82, 20.31, 64.49, "Spin_Star_4579996207829623808"],
    [44.39, 23.27, 64.57, "Spin_Star_4552480929342921600"],
    [47.74, 21.36, 64.59, "Spin_Star_4577033298875736704"],
    [50.44, 24.44, 64.63, "Spin_Star_4581969899920406528"],
    [45.60, 21.70, 64.67, "Spin_Star_4552752646154854400"],
    [52.08, 31.22, 64.67, "Spin_Star_4599340740527595136"],
    [46.81, 29.24, 64.75, "Spin_Star_4570177255455650432"],
    [51.34, 16.53, 64.76, "Spin_Star_4530487295179419776"],
    [57.78, 27.70, 64.77, "Spin_Star_4601226918366107520"],
    [57.08, 16.52, 64.83, "Spin_Star_4587252915855491328"],
    [59.64, 25.50, 64.91, "Spin_Star_4604672031893282176"],
    [44.50, 17.05, 64.96, "Spin_Star_4526219197194905088"],
    [47.64, 29.68, 64.97, "Spin_Star_4570294804416855296"],
    [48.22, 16.85, 65.06, "Spin_Star_4529501205038672512"],
    [59.81, 22.00, 65.06, "Spin_Star_4592928594875060480"],
    [47.58, 19.21, 65.16, "Spin_Star_4576250687115878656"],
    [47.91, 15.27, 65.16, "Spin_Star_4528448834978562304"],
    [54.26, 23.69, 65.17, "Spin_Star_4584488606180737024"],
    [60.12, 26.06, 65.20, "Spin_Star_4607750836250105984"],
    [52.58, 29.49, 65.21, "Spin_Star_4598437045049357568"],
    [44.05, 25.94, 65.21, "Spin_Star_4555753797507647744"],
    [47.28, 23.06, 65.23, "Spin_Star_4580197315380058880"],
    [50.55, 23.59, 65.36, "Spin_Star_4581248276695101056"],
    [63.08, 21.68, 65.48, "Spin_Star_4605719797757037312"],
    [55.06, 24.55, 65.51, "Spin_Star_4596606285173630848"],
    [54.01, 25.62, 65.51, "Spin_Star_4596373429225825024"],
    [60.47, 20.12, 65.52, "Spin_Star_4592738722961487744"],
    [62.49, 25.94, 65.53, "Spin_Star_4609528368594811008"],
    [47.29, 27.28, 65.59, "Spin_Star_4569518343049607808"],
    [55.46, 13.00, 65.62, "Spin_Star_4537696792920948352"],
    [56.81, 25.69, 65.65, "Spin_Star_4597859560927305600"],
    [48.71, 16.35, 65.75, "Spin_Star_4528781540329657216"],
    [46.00, 19.71, 65.76, "Spin_Star_4575700896936508800"],
    [57.27, 29.70, 65.80, "Spin_Star_4601805089683129344"],
    [58.53, 15.06, 65.83, "Spin_Star_4587535112386781696"],
    [43.69, 25.81, 65.87, "Spin_Star_4555691846899204480"],
    [47.89, 18.07, 65.92, "Spin_Star_4528250235696595200"],
    [53.42, 22.60, 65.94, "Spin_Star_4584112229606622848"],
    [46.10, 28.45, 65.94, "Spin_Star_4569136056603710208"],
    [57.36, 23.00, 65.95, "Spin_Star_4602855501245788672"],
    [54.90, 25.97, 66.00, "Spin_Star_4597234969603652096"],
    [58.84, 18.72, 66.02, "Spin_Star_4591568121035068544"],
    [47.08, 20.02, 66.04, "Spin_Star_4575928873800983168"],
    [60.49, 26.02, 66.05, "Spin_Star_4607774574532925696"],
    [48.17, 30.20, 66.07, "Spin_Star_4570566624308955136"],
    [52.13, 21.82, 66.22, "Spin_Star_4582677023336075776"],
    [56.31, 25.38, 66.26, "Spin_Star_4597762597745396736"],
    [47.40, 23.75, 66.28, "Spin_Star_4580259369064371712"],
    [52.86, 15.38, 66.28, "Spin_Star_4536462900357160320"],
    [56.07, 17.50, 66.28, "Spin_Star_4585751081751967360"],
    [49.05, 23.78, 66.30, "Spin_Star_4580698039845467520"],
    [61.80, 18.62, 66.30, "Spin_Star_4592453021737377792"],
    [53.34, 15.86, 66.31, "Spin_Star_4536689739046617728"],
    [61.93, 23.88, 66.31, "Spin_Star_4606175167368253440"],
    [56.10, 13.04, 66.31, "Spin_Star_4537826638372135552"],
    [44.02, 18.34, 66.35, "Spin_Star_4503186971212822528"],
    [61.10, 16.90, 66.39, "Spin_Star_2091086745974350336"],
    [50.69, 29.14, 66.42, "Spin_Star_4595184724014681088"],
    [61.53, 20.47, 66.47, "Spin_Star_4593239241270166912"],
    [48.38, 21.98, 66.50, "Spin_Star_4577650846443379072"],
    [56.78, 25.73, 66.53, "Spin_Star_4597859457848099072"],
    [42.56, 22.68, 66.60, "Spin_Star_4551265831557963776"],
    [63.63, 19.86, 66.64, "Spin_Star_2095439746868181120"],
    [63.63, 19.86, 66.64, "Spin_Star_2095439849947396352"],
    [61.64, 25.93, 66.68, "Spin_Star_4607969085010756608"],
    [46.29, 23.88, 66.73, "Spin_Star_4556127081705821568"],
    [58.71, 14.77, 66.75, "Spin_Star_4587620324530501248"],
    [61.88, 27.53, 66.75, "Spin_Star_4608925595704090112"],
    [49.06, 23.53, 66.76, "Spin_Star_4580647462310504192"],
    [58.30, 22.13, 66.78, "Spin_Star_4591208026677633152"],
    [63.04, 18.50, 66.78, "Spin_Star_2094617415249555456"],
    [53.30, 12.47, 66.80, "Spin_Star_4532717585799841152"],
    [50.64, 16.87, 66.84, "Spin_Star_4530354804021461504"],
    [56.78, 25.73, 66.85, "Spin_Star_4597859457848099456"],
    [43.06, 21.26, 66.91, "Spin_Star_4551108257798097024"],
    [60.46, 17.69, 66.93, "Spin_Star_4589111193579747072"],
    [48.38, 21.98, 66.94, "Spin_Star_4577650846449234944"],
    [54.28, 12.32, 66.95, "Spin_Star_4532869799436407552"],
    [49.66, 20.70, 66.95, "Spin_Star_4577606041351508224"],
    [58.67, 18.07, 66.96, "Spin_Star_4588498456369588352"],
    [45.83, 19.62, 67.01, "Spin_Star_4575693436572893056"],
    [53.65, 18.43, 67.07, "Spin_Star_4585074748961485056"],
    [58.64, 22.63, 67.10, "Spin_Star_4603289567820930688"],
    [49.37, 20.61, 67.10, "Spin_Star_4577545533852426624"],
    [47.00, 24.65, 67.13, "Spin_Star_4556482670635025152"],
    [43.44, 26.02, 67.18, "Spin_Star_4554191494560236800"],
    [51.83, 29.03, 67.19, "Spin_Star_4595344874753023488"],
    [51.24, 17.38, 67.19, "Spin_Star_4530471455338785152"],
    [63.15, 23.44, 67.20, "Spin_Star_4606699840572920832"],
    [48.57, 22.16, 67.24, "Spin_Star_4577705684588250368"],
    [46.28, 17.85, 67.24, "Spin_Star_4527445496252417792"],
    [49.66, 29.02, 67.24, "Spin_Star_4570869161805327744"],
    [47.18, 16.87, 67.27, "Spin_Star_4527098084942544512"],
    [51.05, 26.44, 67.30, "Spin_Star_4594337309784593152"],
    [55.69, 14.83, 67.34, "Spin_Star_4538785000193867008"],
    [59.61, 21.01, 67.38, "Spin_Star_4592671961989874432"],
    [51.05, 26.44, 67.38, "Spin_Star_4594337309787642368"],
    [51.06, 17.14, 67.41, "Spin_Star_4530452213885224960"],
    [59.46, 14.65, 67.42, "Spin_Star_4587669115366401024"],
    [55.00, 28.59, 67.43, "Spin_Star_4600514297392024576"],
    [44.10, 26.67, 67.45, "Spin_Star_4556536477979080064"],
    [55.99, 18.94, 67.49, "Spin_Star_4586665501766780160"],
    [60.35, 18.92, 67.52, "Spin_Star_4592110592585274496"],
    [55.31, 12.60, 67.52, "Spin_Star_4537485995928360192"],
    [58.80, 14.64, 67.53, "Spin_Star_4539583520513838720"],
    [55.70, 25.47, 67.55, "Spin_Star_4596901405263650816"],
    [63.48, 19.95, 67.56, "Spin_Star_2095619444001976832"],
    [53.93, 24.59, 67.63, "Spin_Star_4596126009047697792"],
    [44.81, 22.76, 67.63, "Spin_Star_4552675302384795136"],
    [52.97, 25.62, 67.64, "Spin_Star_4596027877635226624"],
    [57.32, 13.09, 67.68, "Spin_Star_4538321723543280384"],
    [63.23, 19.46, 67.71, "Spin_Star_2095366182667955584"],
    [51.83, 29.03, 67.72, "Spin_Star_4595344874754941824"],
    [50.31, 19.84, 67.73, "Spin_Star_4579080108482692736"],
    [61.82, 21.08, 67.80, "Spin_Star_4593501062475913472"],
    [47.13, 25.49, 67.82, "Spin_Star_4557253050327257856"],
    [47.00, 24.65, 67.86, "Spin_Star_4556482670635024640"],
    [61.02, 16.02, 67.88, "Spin_Star_2090834957806407808"],
    [47.33, 19.84, 67.91, "Spin_Star_4575937085774589056"],
    [54.60, 27.89, 67.97, "Spin_Star_4597431919623309056"],
    [50.37, 17.76, 67.98, "Spin_Star_4578087829301030912"],
    [50.34, 19.86, 68.00, "Spin_Star_4579080486444016640"],
    [50.25, 15.99, 68.04, "Spin_Star_4530072328318149632"],
    [44.39, 25.74, 68.07, "Spin_Star_4555781319658041344"],
    [58.25, 28.28, 68.14, "Spin_Star_4601490904235707264"],
    [50.93, 13.63, 68.15, "Spin_Star_4529119743231678720"],
    [45.80, 27.52, 68.17, "Spin_Star_4557034346292276096"],
    [60.47, 20.11, 68.18, "Spin_Star_4592738722961487616"],
    [46.20, 19.24, 68.21, "Spin_Star_4527755524174230144"],
    [57.99, 25.36, 68.23, "Spin_Star_4603923676792022400"],
    [60.93, 16.00, 68.25, "Spin_Star_2090832586990217472"],
    [55.68, 22.70, 68.26, "Spin_Star_4590585466872599296"],
    [59.16, 20.84, 68.26, "Spin_Star_4592579877890289920"],
    [47.58, 14.88, 68.27, "Spin_Star_4525367728518177536"],
    [56.40, 20.21, 68.28, "Spin_Star_4589822199649122048"],
    [57.90, 25.25, 68.30, "Spin_Star_4603919106946772864"],
    [56.94, 24.49, 68.33, "Spin_Star_4602990461999896704"],
    [58.99, 13.99, 68.36, "Spin_Star_4539544006809908224"],
    [46.28, 28.96, 68.37, "Spin_Star_4569300467950928768"],
    [53.83, 28.01, 68.41, "Spin_Star_4595901846113792640"],
    [58.71, 14.78, 68.43, "Spin_Star_4587620393256603904"],
    [52.28, 20.35, 68.45, "Spin_Star_4579909380770284032"],
    [55.68, 22.70, 68.48, "Spin_Star_4590585466876169088"],
    [53.89, 21.95, 68.53, "Spin_Star_4583470179237377536"],
    [58.99, 13.99, 68.53, "Spin_Star_4539544006815129216"],
    [53.88, 12.62, 68.56, "Spin_Star_4535838755709181952"],
    [63.92, 21.18, 68.58, "Spin_Star_2107717477818284416"],
    [51.53, 26.30, 68.61, "Spin_Star_4594560441928404096"],
    [55.18, 19.60, 68.63, "Spin_Star_4586299845430957440"],
    [50.94, 16.71, 68.64, "Spin_Star_4530382459312814464"],
    [51.53, 26.30, 68.66, "Spin_Star_4594560441926667648"],
    [47.84, 17.76, 68.67, "Spin_Star_4528237625672699008"],
    [63.14, 21.20, 68.70, "Spin_Star_4605677638356949120"],
    [59.86, 18.83, 68.82, "Spin_Star_4592058297063300864"],
    [61.46, 26.96, 68.83, "Spin_Star_4608134531447950848"],
    [53.17, 17.85, 68.85, "Spin_Star_4584960915140992000"],
    [62.82, 18.58, 68.85, "Spin_Star_2094523647524344704"],
    [59.87, 23.61, 68.88, "Spin_Star_4603746655420396160"],
    [61.54, 19.40, 68.93, "Spin_Star_4592503393113675648"],
    [59.27, 26.78, 68.94, "Spin_Star_4607300826757294848"],
    [62.42, 17.88, 69.00, "Spin_Star_2094290929016740608"],
    [56.94, 21.37, 69.00, "Spin_Star_4590863093562459520"],
    [55.61, 18.37, 69.01, "Spin_Star_4586439169870964864"],
    [60.45, 20.11, 69.04, "Spin_Star_4592737932687503616"],
    [51.45, 25.63, 69.05, "Spin_Star_4594394239576661632"],
    [53.17, 17.85, 69.08, "Spin_Star_4584960915146412672"],
    [44.89, 22.42, 69.13, "Spin_Star_4552635307647891456"],
    [52.94, 13.17, 69.21, "Spin_Star_4535707222332296448"],
    [58.13, 17.11, 69.22, "Spin_Star_4588211449475137792"],
    [55.64, 17.50, 69.34, "Spin_Star_4585641478485310336"],
    [52.01, 16.74, 69.35, "Spin_Star_4530590374387693952"],
    [61.83, 24.56, 69.36, "Spin_Star_4606367337086826752"],
    [59.59, 16.50, 69.37, "Spin_Star_4588750381965810816"],
    [46.74, 14.54, 69.40, "Spin_Star_4523754160845040640"],
    [62.11, 16.54, 69.43, "Spin_Star_2091229338888645504"],
    [53.62, 13.96, 69.50, "Spin_Star_4536002892182328448"],
    [46.52, 22.28, 69.50, "Spin_Star_4576879298528105088"],
    [46.16, 26.46, 69.52, "Spin_Star_4557173679332849920"],
    [47.30, 13.62, 69.54, "Spin_Star_4525072440928206080"],
    [63.38, 23.82, 69.54, "Spin_Star_4606904177936968320"],
    [56.63, 23.20, 69.57, "Spin_Star_4590713559981240576"],
    [58.88, 13.55, 69.57, "Spin_Star_4539339325854817280"],
    [53.14, 26.15, 69.63, "Spin_Star_4596278463206768256"],
    [54.66, 30.72, 69.71, "Spin_Star_4599984642025088128"],
    [47.40, 23.75, 69.72, "Spin_Star_4580259369068264064"],
    [58.89, 13.55, 69.73, "Spin_Star_4539339360214561152"],
    [43.17, 21.51, 69.73, "Spin_Star_4551126674618034304"],
    [62.00, 17.69, 69.73, "Spin_Star_2094216093505987456"],
    [54.44, 30.80, 69.76, "Spin_Star_4599976567486563328"],
    [48.50, 16.84, 69.77, "Spin_Star_4529523023472683904"],
    [54.64, 30.72, 69.78, "Spin_Star_4599984504586131456"],
    [49.55, 30.32, 69.81, "Spin_Star_4574020774447343616"],
    [62.89, 26.15, 69.82, "Spin_Star_4609742567203807104"],
    [50.68, 13.53, 69.82, "Spin_Star_4526104293929311232"],
    [43.38, 18.89, 69.83, "Spin_Star_4503090592147201024"],
    [49.46, 17.01, 69.85, "Spin_Star_4529730728101018112"],
    [60.63, 26.24, 69.85, "Spin_Star_4607827217948976384"],
    [43.19, 21.95, 69.86, "Spin_Star_4551329878108786176"],
    [44.45, 16.24, 69.89, "Spin_Star_4526154012471196544"],
    [57.82, 13.32, 70.02, "Spin_Star_4539115884475836032"],
    [52.12, 25.54, 70.04, "Spin_Star_4594483682274129024"],
    [58.34, 18.22, 70.10, "Spin_Star_4588487736126210816"],
    [54.51, 25.53, 70.13, "Spin_Star_4596406895611766144"],
    [59.00, 15.43, 70.14, "Spin_Star_4587708972662676480"],
    [60.30, 16.08, 70.15, "Spin_Star_4588041162614666112"],
    [55.42, 25.59, 70.16, "Spin_Star_4596871924607952384"],
    [46.74, 14.52, 70.18, "Spin_Star_4523754092125547520"],
    [45.77, 20.64, 70.18, "Spin_Star_4575941277663207808"],
    [50.72, 15.29, 70.19, "Spin_Star_4529429977309925504"],
    [62.76, 24.98, 70.20, "Spin_Star_4609481330113010304"],
    [56.73, 30.16, 70.31, "Spin_Star_4601691182853483776"],
    [57.95, 16.72, 70.32, "Spin_Star_4587437874325636992"],
    [46.52, 22.29, 70.37, "Spin_Star_4577066971419564032"],
    [52.59, 12.45, 70.38, "Spin_Star_4532615052037368832"],
    [61.29, 17.22, 70.40, "Spin_Star_2091109526476338176"],
    [46.04, 15.34, 70.41, "Spin_Star_4523684651095418624"],
    [47.46, 14.65, 70.52, "Spin_Star_4525349724015227904"],
    [56.63, 23.85, 70.55, "Spin_Star_4602785750977180160"],
    [60.11, 19.82, 70.62, "Spin_Star_4591974150063849984"],
    [44.71, 22.14, 70.67, "Spin_Star_4552613042538937088"],
    [56.49, 12.38, 70.67, "Spin_Star_4537652022184921344"],
    [50.70, 17.77, 70.69, "Spin_Star_4578476579675655424"],
    [45.97, 15.80, 70.73, "Spin_Star_4526700989446007936"],
    [52.21, 14.23, 70.75, "Spin_Star_4535457461393748480"],
    [59.77, 20.38, 70.76, "Spin_Star_4592694978715561088"],
    [51.47, 18.32, 70.77, "Spin_Star_4578788772264113536"],
    [52.05, 16.26, 70.81, "Spin_Star_4530531825395091968"],
    [48.29, 21.65, 70.81, "Spin_Star_4577629302887108608"],
    [53.92, 23.57, 70.85, "Spin_Star_4584409544422634240"],
    [47.46, 14.65, 70.86, "Spin_Star_4525349724015227520"],
    [46.74, 22.46, 70.87, "Spin_Star_4577091160675635456"],
    [44.73, 20.09, 70.93, "Spin_Star_4551601728059606656"],
    [48.29, 21.65, 70.98, "Spin_Star_4577629302893193088"],
    [48.14, 22.49, 71.02, "Spin_Star_4577330510610312320"],
    [44.46, 25.42, 71.04, "Spin_Star_4555736888214897664"],
    [49.52, 22.25, 71.05, "Spin_Star_4580776036452060288"],
    [47.98, 14.12, 71.13, "Spin_Star_4525339347374663296"],
    [62.20, 18.69, 71.13, "Spin_Star_2094482140959872640"],
    [48.10, 15.36, 71.17, "Spin_Star_4528456875156914688"],
    [48.32, 20.47, 71.19, "Spin_Star_4576631667898035840"],
    [50.73, 14.00, 71.20, "Spin_Star_4529127641669658624"],
    [47.23, 28.63, 71.21, "Spin_Star_4569441892634233856"],
    [56.73, 24.26, 71.24, "Spin_Star_4602970125332646784"],
    [57.09, 18.78, 71.26, "Spin_Star_4586883067630395520"],
    [60.40, 20.23, 71.26, "Spin_Star_4592748859084422144"],
    [59.49, 14.03, 71.27, "Spin_Star_2041610887390452736"],
    [50.71, 29.35, 71.27, "Spin_Star_4595166719511833216"],
    [51.55, 17.75, 71.28, "Spin_Star_4578540037819454464"],
    [54.78, 30.84, 71.28, "Spin_Star_4599998179762051200"],
    [57.02, 21.67, 71.34, "Spin_Star_4590927651213832192"],
    [51.01, 27.34, 71.35, "Spin_Star_4594227358622658944"],
    [60.40, 16.33, 71.37, "Spin_Star_4588797798411357312"],
    [61.35, 21.51, 71.38, "Spin_Star_4593107746551020160"],
    [63.65, 19.90, 71.38, "Spin_Star_2095627694636774656"],
    [48.97, 28.54, 71.40, "Spin_Star_4570748524763671168"],
    [49.88, 15.26, 71.45, "Spin_Star_4529240517710915456"],
    [57.80, 17.14, 71.50, "Spin_Star_4588187771319806592"],
    [52.35, 26.54, 71.50, "Spin_Star_4594738116135389184"],
    [58.00, 15.50, 71.50, "Spin_Star_4587549921433265024"],
    [56.73, 16.79, 71.55, "Spin_Star_4587222816723058560"],
    [52.77, 28.61, 71.56, "Spin_Star_4595766842404212864"],
    [57.22, 25.30, 71.61, "Spin_Star_4603825029983024512"],
    [48.84, 21.58, 71.70, "Spin_Star_4577670775097881472"],
    [51.01, 27.34, 71.70, "Spin_Star_4594227358624856064"],
    [57.52, 13.35, 71.71, "Spin_Star_4539105370389055488"],
    [63.15, 19.66, 71.72, "Spin_Star_2095410369291592064"],
    [49.98, 27.42, 71.73, "Spin_Star_4594069711848133120"],
    [61.53, 26.46, 71.74, "Spin_Star_4608075192179946752"],
    [52.36, 26.54, 71.75, "Spin_Star_4594738116135389312"],
    [57.12, 25.03, 71.76, "Spin_Star_4603062892329847680"],
    [50.72, 14.17, 71.77, "Spin_Star_4529178734611148160"],
    [53.14, 17.10, 71.78, "Spin_Star_4584724210907091840"],
    [60.01, 27.12, 71.78, "Spin_Star_4607619891286524416"],
    [53.96, 13.66, 71.79, "Spin_Star_4536021343354414080"],
    [60.41, 20.22, 71.79, "Spin_Star_4592748682987813376"],
    [53.22, 30.54, 71.81, "Spin_Star_4598734703462801792"],
    [57.12, 25.03, 71.81, "Spin_Star_4603062896626605568"],
    [58.00, 15.50, 71.86, "Spin_Star_4587549921433265152"],
    [61.32, 18.36, 71.88, "Spin_Star_4592236108709452672"],
    [45.11, 25.41, 71.91, "Spin_Star_4555918999131134080"],
    [48.69, 28.62, 71.92, "Spin_Star_4570738491719924480"],
    [51.96, 14.44, 71.95, "Spin_Star_4535461279624331392"],
    [59.56, 20.38, 72.00, "Spin_Star_4592690859845420544"],
    [55.07, 24.86, 72.02, "Spin_Star_4596803716228814848"],
    [55.63, 14.56, 72.10, "Spin_Star_4538592826178839424"],
    [47.11, 26.08, 72.12, "Spin_Star_4557502192789111808"],
    [62.72, 23.76, 72.17, "Spin_Star_4606323257840681472"],
    [52.35, 28.62, 72.19, "Spin_Star_4595719941362139136"],
    [62.72, 23.76, 72.19, "Spin_Star_4606323287902835968"],
    [61.83, 26.18, 72.22, "Spin_Star_4607990735943402368"],
    [55.44, 27.81, 72.23, "Spin_Star_4600572090471967744"],
    [45.71, 28.11, 72.23, "Spin_Star_4568969583671310976"],
    [61.12, 17.64, 72.45, "Spin_Star_4589162595753296384"],
    [46.58, 15.46, 72.47, "Spin_Star_4526731638331275392"],
    [55.92, 20.03, 72.48, "Spin_Star_4589378065671043584"],
    [52.86, 29.73, 72.49, "Spin_Star_4598831975881976192"],
    [52.55, 17.30, 72.52, "Spin_Star_4584686483917463680"],
    [58.99, 18.22, 72.52, "Spin_Star_4588576178098154368"],
    [57.18, 21.72, 72.54, "Spin_Star_4590933939046085120"],
    [57.52, 13.35, 72.56, "Spin_Star_4539105370395775104"],
    [54.99, 21.57, 72.58, "Spin_Star_4589533371688333312"],
    [48.01, 26.75, 72.59, "Spin_Star_4569641041677283072"],
    [55.86, 30.27, 72.59, "Spin_Star_4601629683218484352"],
    [55.54, 22.31, 72.61, "Spin_Star_4590376731466032896"],
    [52.98, 30.01, 72.62, "Spin_Star_4598662101335395456"],
    [55.18, 20.09, 72.65, "Spin_Star_4589316969764785024"],
    [51.61, 29.73, 72.69, "Spin_Star_4598339325953145344"],
    [48.74, 13.78, 72.70, "Spin_Star_4525470837796550656"],
    [44.16, 18.60, 72.71, "Spin_Star_4503207174739203072"],
    [48.25, 30.57, 72.73, "Spin_Star_4570586587317084544"],
    [54.26, 24.08, 72.75, "Spin_Star_4584484929688898304"],
    [47.79, 21.48, 72.77, "Spin_Star_4577037765644476800"],
    [42.88, 20.66, 72.81, "Spin_Star_4502996343386944256"],
    [55.39, 12.04, 72.81, "Spin_Star_4537424595074457728"],
    [47.22, 25.62, 72.81, "Spin_Star_4557301733776192512"],
    [50.96, 12.35, 72.83, "Spin_Star_4531834879820752256"],
    [56.62, 26.39, 72.88, "Spin_Star_4598039296718079360"]
]
